1
319
489
562
593
636
664
860
866
892
1040
1210
1224
1230
1338
1500
1510
1516
1581
1590
1618
1638
1646
1653
1659
1660
1674
1759
1772
1773
1795
1813
1895
1952
1983
1985
2067
2166
2195
2294
2309
2395
2422
2492
2572
2778
2804
2891
3206
3212
3359
3393
3461
3518
3535
3583
3773
3826
3898
4098
4170
4715
4752
4904
4999
5021
5121
5126
5234
5293
5490
5579
5624
5650
5774
5870
6026
6110
6137
6200
6217
6227
6348
6553
6616
6708
6752
6865
6999
7037
7138
7187
7188
7230
7310
7364
7439
7616
7674
7677
7720
7780
7796
7805
7857
7869
7886
7963
7977
8020
8079
8128
8152
8212
8274
8309
8480
8497
8580
8773
8858
9006
9035
9060
9102
9114
9118
9170
9189
9314
9808
9966
9971
10111
10160
10173
10260
10285
10299
10333
10371
10445
10447
10542
10566
10572
10751
10848
10898
10921
10965
10974
10994
10996
11167
11186
11322
11378
11458
11507
11567
11689
11738
11773
11816
11917
11952
11967
11969
12145
12273
12287
12353
12372
12381
12401
12457
12509
12576
12586
12589
12596
12653
12666
12670
12671
12709
12711
12725
12852
12873
12965
13072
13072
13187
13194
13213
13245
13533
13575
13598
13711
13770
13813
13818
13857
13978
14094
14167
14279
14328
14449
14670
14681
14779
14884
14906
15025
15104
15112
15158
15216
15251
15381
15463
15526
15531
15570
15581
15589
15597
15620
15627
15662
15705
15759
15890
15981
16120
16204
16204
16204
16262
16292
16341
16431
16634
16716
16739
16816
16826
16909
16911
17006
17077
17089
17181
17207
17259
17352
17474
17510
17570
17747
17786
17818
17906
18000
18007
18127
18252
18256
18462
18485
18508
18646
18685
18723
18936
18961
19056
19177
19239
19311
19564
19572
19572
19740
19760
20125
20152
20179
20237
20241
20283
20539
20580
20585
20692
20782
20809
21028
21051
21182
21297
21423
21565
21593
21616
21707
21761
21841
22085
22118
22209
22227
22295
22316
22364
22364
22507
22576
22593
22658
22658
22681
22720
22779
22785
22892
22942
22966
22977
23039
23146
23228
23289
23304
23385
23429
23463
23524
23526
23566
23567
23591
23600
23735
23855
23859
24082
24128
24232
24382
24395
24484
24522
24617
24651
24751
24758
24890
24904
25020
25057
25092
25203
25265
25272
25413
25643
25674
25792
25812
25905
25951
25959
25968
26023
26140
26176
26343
26438
26661
26673
26678
26717
26719
26837
26929
26933
26987
27145
27184
27214
27234
27323
27325
27410
27418
27491
27518
27556
27566
27875
27913
27946
27988
28034
28045
28210
28244
28343
28352
28362
28372
28434
28445
28484
28506
28532
28537
28541
28601
28603
28797
28831
28844
28898
28905
28988
28999
29002
29039
29072
29151
29223
29278
29372
29413
29433
29600
29624
29692
29731
29743
29840
29854
29880
29991
30020
30026
30071
30079
30214
30254
30266
30292
30309
30377
30389
30421
30553
30608
30613
30679
30771
30813
30915
31045
31056
31114
31135
31222
31245
31283
31321
31408
31470
31470
31479
31511
31527
31653
31729
31781
31856
31895
31916
31933
31988
32056
32094
32101
32103
32104
32120
32129
32151
32343
32358
32384
32390
32421
32440
32453
32461
32464
32500
32621
32736
32755
