1
8
10
12
15
19
23
25
28
33
37
66
68
73
99
100
102
131
138
141
152
167
182
186
190
190
200
202
204
208
213
218
222
241
247
262
291
295
295
307
319
320
322
324
326
343
353
363
381
389
390
403
422
426
444
455
456
461
466
467
488
489
493
499
506
511
513
517
524
540
540
542
562
566
570
582
593
601
609
614
618
631
636
643
655
659
664
671
677
677
680
685
699
710
718
722
726
728
746
762
764
768
792
804
805
806
816
823
828
831
835
842
845
860
860
866
870
879
879
880
890
891
892
892
906
913
915
920
931
935
938
940
953
953
971
973
981
982
989
1002
1003
1007
1008
1018
1033
1040
1048
1049
1052
1053
1054
1057
1066
1066
1070
1095
1100
1107
1120
1133
1134
1139
1190
1193
1198
1210
1221
1224
1224
1230
1235
1248
1251
1252
1253
1264
1281
1291
1295
1296
1305
1314
1318
1318
1323
1330
1336
1338
1340
1352
1357
1363
1380
1383
1385
1400
1416
1419
1437
1446
1447
1448
1453
1462
1467
1481
1499
1500
1504
1510
1516
1516
1519
1533
1533
1544
1552
1567
1571
1572
1581
1583
1590
1594
1598
1609
1611
1611
1616
1618
1638
1641
1646
1653
1653
1658
1659
1660
1669
1671
1674
1702
1702
1705
1708
1720
1756
1757
1758
1759
1759
1772
1773
1777
1795
1803
1813
1817
1825
1828
1854
1872
1874
1875
1877
1885
1895
1897
1924
1927
1936
1952
1954
1955
1960
1960
1975
1981
1983
1984
1985
1985
2012
2017
2017
2024
2025
2040
2053
2059
2064
2067
2073
2087
2095
2097
2097
2113
2117
2118
2128
2143
2150
2157
2159
2166
2187
2194
2195
2201
2226
2227
2256
2260
2275
2291
2294
2309
2324
2327
2328
2343
2361
2372
2395
2403
2408
2412
2422
2424
2443
2450
2460
2481
2490
2492
2492
2512
2514
2523
2525
2529
2550
2555
2559
2572
2574
2579
2588
2612
2620
2635
2659
2678
2689
2692
2709
2709
2711
2715
2717
2729
2735
2765
2770
2771
2778
2783
2786
2792
2804
2805
2830
2833
2839
2841
2844
2863
2874
2891
2892
2894
2898
2933
2949
2950
2964
2985
2992
3001
3011
3014
3017
3019
3021
3022
3053
3055
3059
3102
3103
3108
3134
3149
3149
3161
3169
3182
3206
3212
3216
3218
3240
3243
3251
3254
3259
3266
3269
3276
3287
3292
3293
3304
3316
3318
3323
3337
3337
3341
3342
3359
3363
3372
3377
3388
3393
3400
3405
3417
3420
3423
3430
3449
3461
3465
3493
3501
3503
3514
3518
3522
3528
3535
3536
3543
3558
3563
3570
3576
3576
3583
3593
3635
3637
3645
3658
3659
3665
3669
3696
3711
3720
3725
3727
3736
3753
3754
3762
3772
3773
3788
3799
3805
3806
3826
3828
3831
3836
3861
3871
3891
3898
3919
3970
3982
3983
3988
3999
4012
4012
4020
4025
4057
4065
4075
4076
4080
4087
4094
4098
4103
4118
4125
4145
4150
4151
4152
4166
4170
4178
4180
4188
4196
4217
4225
4242
4247
4264
4276
4278
4279
4281
4298
4303
4304
4305
4315
4320
4330
4349
4362
4365
4366
4367
4370
4372
4374
4385
4394
4395
4400
4400
4406
4406
4413
4413
4445
4446
4456
4474
4478
4487
4488
4502
4505
4507
4509
4512
4517
4525
4542
4554
4554
4561
4564
4566
4568
4578
4585
4590
4598
4604
4605
4605
4608
4609
4621
4640
4651
4652
4681
4693
4695
4695
4696
4712
4712
4715
4726
4735
4743
4752
4753
4784
4789
4797
4831
4834
4842
4866
4885
4903
4904
4920
4952
4953
4974
4999
5014
5021
5026
5062
5062
5064
5075
5087
5102
5110
5112
5121
5126
5132
5134
5139
5140
5145
5161
5164
5174
5194
5195
5208
5211
5222
5224
5229
5230
5234
5250
5251
5274
5293
5297
5298
5313
5316
5326
5329
5344
5350
5378
5390
5398
5406
5414
5423
5431
5433
5451
5453
5457
5476
5490
5499
5500
5520
5533
5534
5564
5572
5579
5579
5588
5613
5621
5624
5629
5629
5637
5645
5645
5649
5650
5650
5654
5655
5658
5659
5666
5683
5696
5701
5735
5741
5744
5744
5749
5755
5758
5761
5767
5774
5778
5803
5804
5822
5824
5831
5854
5869
5870
5873
5876
5877
5894
5897
5897
5898
5899
5915
5916
5921
5935
5935
5938
5947
5954
5956
5959
5959
5961
5964
5974
5977
5984
5986
6006
6012
6026
6026
6039
6042
6045
6068
6083
6110
6112
6124
6137
6137
6146
6147
6157
6161
6169
6175
6175
6183
6192
6196
6200
6200
6201
6201
6217
6227
6253
6260
6276
6277
6296
6296
6302
6303
6322
6333
6347
6348
6349
6350
6355
6362
6372
6379
6390
6429
6438
6448
6455
6456
6464
6493
6495
6498
6500
6502
6506
6507
6536
6541
6552
6553
6557
6559
6569
6571
6571
6593
6615
6616
6622
6624
6626
6628
6647
6647
6652
6653
6661
6672
6684
6687
6701
6705
6708
6716
6724
6746
6749
6752
6759
6764
6786
6788
6789
6792
6799
6811
6814
6817
6824
6826
6826
6826
6829
6829
6836
6840
6844
6844
6845
6847
6848
6852
6861
6865
6873
6875
6880
6886
6901
6906
6906
6914
6925
6957
6964
6977
6984
6992
6993
6999
7003
7008
7014
7019
7020
7025
7027
7034
7037
7044
7047
7048
7064
7064
7065
7069
7078
7090
7092
7098
7099
7117
7129
7138
7149
7158
7187
7187
7188
7190
7195
7204
7210
7212
7224
7230
7232
7263
7269
7276
7284
7296
7302
7310
7333
7362
7363
7364
7386
7396
7408
7420
7422
7439
7439
7463
7465
7476
7483
7493
7531
7535
7536
7548
7549
7552
7556
7557
7569
7572
7578
7585
7587
7590
7596
7616
7617
7621
7625
7628
7629
7630
7655
7655
7657
7661
7662
7663
7669
7674
7677
7680
7688
7690
7720
7720
7721
7763
7772
7774
7778
7780
7781
7782
7784
7790
7793
7796
7797
7800
7803
7805
7809
7836
7857
7869
7869
7878
7886
7886
7915
7931
7943
7952
7957
7963
7969
7970
7973
7977
7977
7981
7982
7996
8000
8003
8004
8004
8018
8020
8029
8039
8043
8047
8054
8065
8076
8077
8079
8086
8091
8093
8098
8102
8106
8128
8152
8156
8164
8169
8175
8199
8204
8209
8212
8218
8242
8242
8244
8264
8266
8274
8289
8299
8309
8313
8316
8318
8330
8348
8350
8365
8369
8381
8402
8405
8412
8417
8425
8425
8434
8444
8448
8450
8453
8480
8483
8497
8498
8500
8522
8534
8541
8548
8554
8556
8578
8580
8583
8583
8587
8603
8603
8607
8611
8614
8639
8662
8664
8691
8695
8706
8711
8721
8723
8727
8733
8749
8753
8768
8773
8777
8789
8815
8824
8835
8840
8841
8846
8858
8870
8871
8877
8877
8905
8912
8913
8915
8918
8928
8935
8964
8965
8969
8976
9006
9015
9021
9023
9024
9035
9036
9038
9056
9060
9066
9069
9098
9102
9104
9114
9118
9120
9124
9134
9139
9147
9155
9157
9170
9174
9189
9189
9190
9190
9197
9198
9199
9201
9208
9222
9225
9229
9236
9246
9266
9274
9275
9284
9297
9305
9314
9315
9325
9331
9341
9344
9359
9373
9398
9402
9405
9421
9434
9437
9449
9450
9457
9476
9484
9504
9506
9509
9512
9514
9518
9533
9544
9544
9544
9555
9573
9573
9601
9615
9625
9629
9641
9642
9650
9652
9661
9664
9702
9705
9711
9711
9716
9736
9739
9748
9750
9760
9780
9784
9794
9804
9808
9835
9836
9840
9853
9862
9901
9904
9909
9938
9941
9942
9943
9966
9968
9969
9971
10004
10006
10010
10012
10012
10017
10020
10027
10044
10057
10065
10066
10067
10073
10111
10118
10122
10125
10142
10148
10150
10160
10161
10162
10165
10168
10173
10180
10182
10194
10194
10197
10201
10254
10258
10260
10260
10273
10285
10299
10299
10303
10305
10321
10324
10333
10333
10339
10366
10370
10371
10379
10382
10384
10385
10391
10400
10423
10423
10444
10445
10445
10445
10447
10449
10453
10453
10453
10459
10464
10466
10472
10476
10477
10487
10513
10542
10544
10545
10547
10554
10555
10558
10566
10570
10572
10578
10580
10585
10623
10625
10626
10632
10649
10661
10669
10678
10683
10699
10719
10723
10730
10747
10750
10751
10751
10755
10759
10768
10775
10796
10798
10801
10804
10810
10837
10840
10846
10848
10853
10868
10874
10879
10882
10898
10919
10920
10921
10924
10930
10932
10953
10965
10969
10972
10974
10974
10983
10987
10988
10994
10996
11017
11018
11024
11027
11041
11042
11042
11043
11064
11075
11082
11117
11120
11121
11122
11140
11153
11154
11163
11167
11173
11179
11186
11195
11215
11229
11237
11245
11256
11264
11266
11267
11271
11276
11317
11322
11327
11334
11335
11346
11353
11355
11359
11368
11378
11383
11386
11402
11410
11420
11424
11430
11445
11446
11454
11458
11492
11507
11523
11530
11540
11542
11565
11567
11569
11573
11573
11586
11600
11609
11630
11632
11655
11656
11665
11670
11680
11683
11686
11687
11689
11692
11734
11738
11753
11763
11773
11776
11781
11785
11786
11788
11801
11802
11816
11830
11835
11837
11845
11849
11857
11858
11866
11868
11898
11902
11904
11914
11917
11923
11931
11945
11947
11952
11953
11954
11959
11960
11960
11964
11966
11966
11967
11968
11969
11975
11976
11978
11986
12000
12002
12015
12032
12038
12045
12069
12076
12089
12107
12107
12126
12130
12145
12147
12159
12167
12183
12187
12187
12196
12198
12227
12263
12268
12273
12274
12284
12284
12287
12323
12336
12344
12353
12361
12364
12367
12372
12374
12381
12381
12399
12400
12401
12403
12413
12416
12432
12444
12445
12452
12456
12457
12457
12464
12486
12492
12492
12492
12498
12504
12509
12514
12519
12526
12527
12527
12555
12561
12567
12576
12578
12586
12589
12590
12590
12593
12596
12598
12612
12612
12613
12614
12617
12617
12623
12625
12628
12635
12652
12653
12661
12666
12668
12670
12671
12672
12674
12693
12700
12703
12708
12709
12711
12721
12724
12725
12740
12747
12748
12776
12782
12788
12793
12802
12803
12807
12820
12830
12834
12840
12852
12852
12855
12859
12859
12873
12875
12877
12897
12900
12901
12923
12923
12923
12928
12930
12933
12940
12951
12958
12965
12969
12974
13004
13009
13041
13043
13060
13072
13072
13086
13093
13095
13109
13110
13115
13119
13143
13167
13172
13183
13183
13183
13187
13194
13194
13209
13213
13226
13236
13240
13245
13254
13268
13270
13270
13278
13285
13297
13313
13323
13348
13358
13368
13372
13377
13378
13384
13420
13420
13424
13425
13429
13449
13471
13472
13493
13494
13494
13523
13524
13529
13529
13533
13545
13549
13556
13560
13563
13565
13567
13575
13578
13584
13598
13598
13615
13616
13636
13636
13641
13642
13650
13670
13678
13699
13707
13711
13712
13732
13747
13770
13770
13779
13792
13796
13799
13813
13818
13819
13819
13828
13846
13857
13864
13882
13897
13912
13920
13928
13935
13935
13944
13946
13947
13959
13959
13966
13978
13991
13996
13998
13999
14002
14005
14009
14033
14040
14056
14065
14067
14072
14081
14082
14084
14085
14094
14121
14121
14126
14145
14167
14179
14180
14189
14198
14207
14216
14227
14232
14233
14276
14279
14289
14289
14290
14295
14296
14310
14312
14315
14328
14348
14357
14361
14366
14392
14395
14395
14397
14402
14408
14412
14417
14427
14433
14442
14449
14452
14453
14464
14471
14480
14480
14489
14494
14496
14513
14513
14515
14529
14533
14578
14590
14606
14621
14624
14644
14659
14665
14670
14674
14681
14690
14692
14694
14698
14724
14733
14734
14744
14756
14774
14779
14780
14818
14819
14823
14827
14860
14884
14887
14906
14932
14935
14938
14941
14951
14973
14979
14988
14991
14992
15004
15017
15025
15075
15081
15097
15104
15112
15121
15124
15142
15144
15158
15173
15181
15184
15189
15198
15216
15216
15238
15247
15251
15252
15258
15275
15284
15325
15326
15326
15332
15338
15338
15340
15381
15382
15393
15427
15453
15463
15468
15482
15487
15505
15506
15526
15531
15534
15565
15567
15570
15577
15581
15589
15590
15593
15594
15597
15601
15602
15604
15605
15609
15620
15621
15627
15649
15649
15657
15662
15667
15674
15684
15688
15702
15705
15727
15727
15731
15747
15749
15759
15769
15773
15809
15810
15818
15842
15847
15856
15858
15860
15883
15890
15893
15912
15926
15940
15949
15951
15958
15966
15969
15979
15981
15985
15987
15989
15991
15999
15999
16011
16015
16024
16025
16028
16037
16064
16069
16071
16076
16077
16092
16099
16114
16120
16122
16128
16139
16168
16180
16185
16201
16204
16204
16204
16222
16245
16262
16267
16275
16277
16282
16283
16289
16292
16297
16307
16313
16321
16321
16329
16335
16341
16345
16359
16361
16362
16363
16386
16388
16424
16431
16433
16434
16443
16461
16467
16468
16476
16479
16482
16486
16493
16494
16498
16499
16499
16522
16548
16566
16576
16579
16581
16596
16601
16609
16612
16621
16633
16634
16665
16666
16676
16678
16682
16686
16705
16713
16716
16721
16731
16739
16740
16744
16745
16747
16756
16778
16782
16795
16800
16810
16812
16813
16816
16819
16826
16828
16833
16839
16856
16864
16868
16872
16885
16901
16905
16909
16911
16913
16929
16943
16967
16970
16994
17006
17007
17012
17019
17026
17045
17046
17047
17050
17060
17077
17089
17090
17107
17142
17153
17162
17181
17196
17200
17207
17222
17239
17253
17259
17276
17302
17315
17340
17346
17352
17358
17362
17363
17366
17369
17373
17387
17396
17396
17398
17400
17401
17434
17446
17455
17457
17472
17472
17474
17477
17500
17503
17510
17548
17550
17552
17568
17570
17573
17615
17616
17617
17630
17636
17638
17640
17657
17659
17660
17676
17679
17694
17701
17703
17717
17747
17751
17759
17763
17763
17768
17786
17789
17812
17818
17824
17827
17828
17837
17842
17848
17851
17865
17882
17898
17906
17916
17926
17988
17995
18000
18007
18027
18029
18037
18040
18041
18044
18049
18055
18071
18077
18086
18091
18094
18116
18126
18127
18145
18146
18150
18152
18161
18187
18198
18215
18224
18246
18252
18256
18270
18278
18306
18318
18330
18330
18375
18376
18378
18378
18392
18402
18415
18423
18424
18425
18435
18436
18446
18460
18462
18463
18469
18469
18470
18485
18486
18492
18499
18500
18508
18525
18527
18545
18558
18566
18605
18624
18624
18643
18646
18661
18680
18685
18685
18692
18693
18698
18701
18719
18723
18726
18782
18783
18788
18790
18810
18814
18818
18819
18824
18843
18847
18867
18876
18878
18901
18908
18910
18915
18925
18936
18938
18954
18961
18963
19005
19018
19020
19022
19041
19046
19046
19056
19058
19068
19085
19100
19113
19121
19121
19122
19125
19126
19127
19144
19147
19165
19175
19177
19177
19183
19185
19188
19190
19196
19207
19215
19225
19237
19239
19246
19249
19257
19264
19265
19268
19270
19275
19275
19282
19285
19285
19293
19296
19301
19309
19311
19311
19314
19315
19321
19323
19338
19352
19354
19357
19368
19385
19401
19414
19422
19425
19433
19434
19435
19435
19444
19446
19474
19476
19487
19522
19526
19528
19528
19531
19541
19564
19572
19572
19576
19578
19598
19639
19642
19643
19658
19659
19697
19706
19712
19717
19721
19725
19733
19740
19752
19760
19784
19790
19794
19824
19829
19830
19850
19856
19876
19881
19887
19889
19903
19911
19928
19932
19935
19943
19951
19955
19957
19961
19965
19977
19986
19992
20003
20012
20015
20016
20022
20029
20045
20059
20063
20074
20075
20085
20106
20116
20119
20125
20131
20136
20147
20148
20152
20152
20172
20179
20197
20200
20206
20212
20213
20227
20233
20235
20237
20241
20271
20273
20277
20278
20279
20282
20283
20287
20291
20305
20316
20318
20327
20339
20354
20356
20360
20369
20377
20396
20403
20406
20408
20430
20458
20460
20461
20466
20475
20478
20483
20499
20506
20537
20539
20559
20563
20564
20580
20585
20586
20597
20600
20610
20626
20650
20657
20664
20667
20672
20673
20678
20683
20687
20692
20707
20709
20718
20731
20739
20745
20749
20756
20766
20782
20797
20799
20808
20809
20817
20822
20824
20836
20840
20841
20843
20851
20855
20855
20856
20863
20873
20897
20911
20921
20933
20941
20942
20957
20958
20969
20970
20979
20988
20989
21023
21023
21028
21040
21051
21068
21073
21083
21097
21128
21134
21154
21155
21157
21176
21182
21201
21206
21210
21235
21245
21250
21251
21257
21257
21258
21265
21277
21279
21283
21288
21293
21297
21311
21319
21343
21370
21384
21388
21391
21398
21399
21423
21442
21444
21449
21474
21481
21494
21507
21511
21524
21544
21553
21556
21559
21565
21567
21593
21595
21597
21600
21616
21626
21650
21667
21669
21678
21682
21707
21708
21714
21719
21724
21727
21730
21749
21753
21761
21768
21770
21803
21840
21841
21844
21859
21882
21888
21899
21907
21908
21922
21925
21942
21961
21963
21968
21970
21985
21994
21997
22001
22019
22038
22041
22045
22048
22058
22066
22066
22067
22073
22085
22091
22098
22099
22107
22118
22144
22148
22153
22157
22181
22189
22209
22227
22236
22237
22237
22238
22240
22247
22248
22259
22261
22278
22285
22294
22295
22298
22301
22306
22311
22313
22316
22329
22355
22359
22361
22362
22364
22364
22365
22376
22390
22399
22410
22422
22430
22436
22436
22442
22451
22457
22460
22480
22485
22507
22534
22536
22546
22554
22555
22575
22576
22581
22587
22590
22593
22604
22607
22608
22618
22640
22644
22651
22654
22655
22658
22658
22667
22681
22686
22689
22694
22701
22703
22712
22719
22720
22743
22760
22779
22783
22785
22789
22806
22810
22829
22830
22830
22830
22835
22845
22850
22851
22851
22873
22891
22892
22895
22920
22929
22930
22932
22940
22942
22966
22977
23002
23010
23013
23020
23039
23043
23043
23047
23053
23057
23059
23080
23087
23099
23099
23100
23146
23154
23156
23157
23158
23158
23164
23169
23176
23186
23187
23192
23198
23200
23208
23215
23221
23224
23228
23236
23239
23255
23256
23275
23289
23299
23304
23306
23310
23323
23332
23333
23334
23337
23338
23342
23385
23390
23391
23406
23415
23426
23429
23439
23445
23449
23453
23463
23467
23470
23482
23491
23498
23502
23503
23505
23524
23526
23536
23550
23557
23558
23566
23567
23568
23576
23581
23587
23588
23591
23592
23600
23602
23621
23630
23638
23647
23653
23662
23672
23674
23675
23702
23712
23732
23732
23735
23736
23737
23755
23757
23759
23767
23791
23807
23822
23845
23846
23853
23855
23857
23858
23859
23872
23879
23882
23886
23888
23900
23906
23938
23947
23960
23960
23969
23982
23983
24001
24013
24016
24027
24079
24082
24128
24149
24158
24178
24191
24192
24198
24205
24222
24222
24232
24243
24244
24273
24274
24281
24301
24330
24332
24357
24367
24382
24384
24388
24395
24411
24416
24423
24423
24428
24452
24452
24455
24464
24478
24484
24492
24494
24499
24505
24516
24520
24521
24522
24523
24525
24552
24559
24562
24563
24583
24586
24595
24605
24612
24617
24625
24629
24651
24656
24658
24659
24672
24700
24700
24717
24720
24731
24749
24751
24758
24764
24780
24783
24788
24801
24805
24805
24815
24831
24847
24852
24856
24868
24881
24890
24894
24904
24909
24912
24913
24928
24929
24938
24941
24951
24959
24967
24987
25002
25020
25028
25030
25035
25057
25059
25075
25092
25133
25161
25172
25180
25185
25188
25195
25196
25203
25209
25212
25216
25230
25237
25237
25238
25244
25251
25253
25265
25266
25270
25272
25283
25290
25297
25301
25301
25314
25315
25319
25322
25328
25331
25335
25354
25355
25364
25366
25370
25375
25397
25403
25410
25413
25414
25414
25419
25420
25421
25429
25440
25443
25445
25474
25495
25497
25504
25519
25521
25530
25533
25533
25539
25543
25546
25565
25571
25611
25617
25643
25644
25647
25653
25672
25674
25693
25697
25702
25719
25727
25732
25735
25763
25771
25778
25784
25788
25792
25805
25812
25814
25827
25839
25841
25865
25866
25890
25892
25905
25923
25927
25927
25932
25948
25951
25959
25961
25968
25986
26004
26016
26019
26023
26039
26040
26045
26061
26062
26063
26077
26082
26107
26116
26129
26140
26147
26156
26164
26166
26176
26186
26188
26210
26211
26213
26219
26220
26220
26241
26248
26260
26267
26280
26305
26310
26312
26315
26320
26330
26339
26343
26343
26349
26384
26388
26391
26401
26409
26415
26416
26425
26431
26434
26434
26435
26438
26439
26455
26458
26463
26476
26476
26476
26478
26480
26482
26482
26484
26492
26506
26514
26514
26521
26529
26565
26568
26576
26582
26590
26599
26606
26611
26616
26648
26648
26661
26667
26673
26678
26682
26683
26709
26717
26719
26722
26723
26734
26738
26744
26748
26754
26757
26764
26764
26768
26769
26782
26806
26827
26829
26836
26837
26846
26857
26860
26862
26865
26866
26868
26887
26891
26892
26900
26905
26915
26926
26929
26933
26955
26956
26957
26970
26975
26982
26984
26987
26996
26997
26999
27001
27009
27027
27050
27052
27058
27061
27068
27068
27070
27074
27082
27094
27099
27102
27124
27129
27130
27134
27140
27145
27151
27157
27158
27158
27181
27184
27186
27214
27219
27234
27236
27252
27259
27277
27279
27285
27301
27306
27308
27310
27314
27317
27323
27325
27340
27342
27352
27352
27355
27374
27378
27381
27404
27410
27410
27414
27415
27418
27419
27420
27424
27425
27433
27441
27444
27452
27454
27456
27461
27462
27464
27466
27467
27480
27481
27491
27495
27498
27510
27513
27518
27537
27539
27556
27566
27571
27571
27587
27591
27595
27602
27606
27619
27625
27633
27633
27634
27639
27657
27675
27676
27685
27686
27700
27705
27717
27726
27728
27756
27790
27812
27839
27842
27851
27853
27865
27870
27870
27875
27877
27896
27900
27910
27913
27914
27925
27927
27928
27929
27936
27937
27940
27946
27958
27964
27969
27972
27979
27988
27989
28003
28005
28011
28019
28034
28045
28058
28067
28071
28078
28090
28094
28098
28100
28117
28130
28140
28182
28188
28190
28200
28210
28214
28223
28229
28233
28239
28244
28247
28248
28249
28260
28265
28273
28279
28291
28293
28295
28309
28309
28320
28330
28336
28338
28343
28345
28352
28362
28372
28373
28405
28408
28412
28434
28445
28482
28484
28489
28498
28498
28506
28524
28528
28528
28532
28537
28538
28539
28541
28544
28550
28552
28571
28575
28588
28591
28592
28597
28601
28602
28603
28608
28610
28643
28651
28658
28661
28664
28684
28686
28702
28706
28721
28728
28736
28736
28750
28751
28762
28775
28775
28778
28778
28780
28796
28797
28802
28804
28814
28818
28820
28823
28825
28831
28832
28836
28839
28841
28844
28855
28857
28871
28878
28898
28905
28915
28934
28935
28945
28949
28950
28951
28977
28978
28988
28999
29001
29002
29005
29011
29019
29039
29040
29059
29060
29072
29079
29081
29090
29124
29144
29149
29151
29165
29166
29197
29209
29211
29211
29214
29217
29222
29223
29229
29231
29239
29249
29260
29278
29278
29280
29281
29283
29291
29291
29294
29317
29323
29336
29341
29342
29349
29372
29373
29375
29377
29383
29388
29393
29398
29400
29405
29413
29415
29419
29422
29425
29433
29436
29441
29449
29452
29452
29453
29458
29476
29476
29478
29487
29492
29494
29495
29505
29506
29506
29514
29515
29519
29526
29535
29539
29542
29547
29548
29552
29575
29599
29600
29611
29613
29616
29624
29626
29637
29638
29692
29699
29701
29706
29730
29731
29731
29732
29734
29741
29743
29762
29763
29774
29779
29781
29786
29795
29813
29816
29830
29831
29834
29840
29843
29854
29875
29880
29880
29881
29883
29902
29917
29926
29929
29937
29939
29951
29955
29968
29969
29991
29996
29998
30001
30020
30022
30026
30029
30033
30035
30043
30058
30059
30071
30077
30077
30079
30100
30105
30125
30135
30141
30157
30181
30191
30205
30207
30214
30226
30234
30248
30252
30254
30257
30262
30266
30276
30279
30292
30293
30297
30299
30299
30309
30321
30337
30360
30360
30364
30376
30377
30384
30389
30391
30401
30412
30421
30451
30459
30459
30487
30493
30518
30532
30537
30540
30553
30555
30560
30565
30571
30590
30597
30608
30612
30613
30634
30661
30662
30667
30678
30679
30682
30686
30695
30706
30711
30729
30756
30761
30771
30781
30783
30789
30793
30804
30812
30813
30830
30831
30836
30845
30845
30846
30862
30871
30876
30885
30885
30900
30901
30914
30915
30923
30927
30943
30944
30963
30969
30971
30972
30976
30976
30977
30992
31029
31030
31045
31049
31056
31114
31115
31135
31154
31157
31160
31170
31171
31176
31220
31222
31227
31228
31229
31245
31264
31271
31278
31280
31283
31295
31311
31314
31319
31321
31325
31335
31341
31345
31346
31356
31358
31364
31370
31370
31378
31394
31402
31408
31409
31418
31420
31427
31433
31441
31459
31463
31470
31470
31474
31479
31483
31498
31511
31527
31567
31571
31581
31599
31610
31631
31632
31633
31645
31653
31675
31683
31687
31690
31692
31721
31722
31729
31729
31735
31744
31760
31761
31769
31781
31783
31785
31792
31804
31815
31856
31864
31870
31875
31880
31882
31895
31897
31901
31916
31933
31937
31941
31953
31984
31988
31991
31991
31992
32003
32009
32026
32027
32030
32032
32041
32056
32070
32070
32078
32081
32087
32089
32094
32094
32094
32098
32101
32103
32104
32105
32115
32117
32118
32120
32126
32129
32131
32143
32151
32156
32156
32186
32189
32201
32202
32231
32234
32237
32243
32244
32252
32265
32265
32283
32289
32291
32291
32304
32315
32317
32320
32328
32338
32343
32357
32358
32364
32364
32369
32375
32377
32378
32384
32390
32408
32412
32421
32424
32427
32434
32440
32450
32450
32451
32453
32461
32464
32464
32500
32508
32532
32553
32556
32557
32558
32560
32581
32581
32582
32591
32600
32602
32606
32608
32613
32617
32621
32621
32621
32625
32629
32630
32634
32643
32689
32719
32728
32736
32741
32743
32747
32749
32754
32755
