1 154 32
1 124 25
2 204 9
2 232 -8
3 209 10
3 192 31
4 131 44
4 2 -8
5 128 4
5 32 -3
6 116 34
6 163 0
7 50 11
7 183 30
8 37 32
8 32 30
9 193 28
9 37 36
10 152 26
10 1 10
11 36 2
11 115 40
12 77 9
12 13 27
13 68 -7
13 29 23
14 116 4
14 66 35
15 145 45
15 43 21
16 1 1
16 46 42
17 81 19
17 200 46
18 160 36
18 185 29
19 91 -10
19 206 11
20 135 8
20 215 43
21 165 48
21 187 44
22 161 -10
22 136 -7
23 78 17
23 57 20
24 171 10
24 39 -7
25 17 25
25 163 31
26 55 2
26 17 31
27 194 0
27 190 30
28 24 19
28 39 33
29 175 1
29 189 10
30 239 50
30 10 2
31 200 39
31 98 29
32 167 9
32 86 35
33 85 13
33 192 36
34 43 49
34 209 13
35 199 38
35 56 18
36 97 1
36 81 39
37 225 31
37 156 50
38 199 16
38 12 -7
39 122 43
39 212 39
40 135 16
40 142 23
41 70 45
41 110 39
42 63 26
42 2 17
43 222 35
43 188 36
44 130 46
44 124 32
45 105 50
45 176 8
46 182 44
46 238 1
47 35 34
47 109 21
48 140 8
48 88 25
49 195 36
49 80 7
50 174 5
50 25 1
51 36 14
51 99 31
52 30 9
52 14 34
53 13 41
53 83 -6
54 46 21
54 135 8
55 94 48
55 193 35
56 135 20
56 81 17
57 208 30
57 222 -5
58 121 37
58 126 1
59 184 -6
59 197 33
60 125 28
60 191 15
61 90 31
61 131 36
62 154 9
62 81 12
63 45 49
63 91 14
64 54 6
64 225 -5
65 190 10
65 158 35
66 16 30
66 90 7
67 54 36
67 134 39
68 45 35
68 139 23
69 216 48
69 115 -10
70 188 7
70 83 12
71 26 14
71 135 7
72 36 14
72 50 40
73 227 20
73 231 5
74 35 -7
74 193 14
75 98 -3
75 182 -7
76 81 -7
76 220 48
77 49 48
77 157 -1
78 143 19
78 234 39
79 44 7
79 77 28
80 35 6
80 97 -9
81 227 5
81 149 18
82 148 46
82 124 46
83 1 19
83 147 46
84 150 11
84 16 12
85 134 27
85 100 3
86 93 45
86 183 -10
87 76 42
87 152 -1
88 22 43
88 14 40
89 70 -4
89 196 11
90 212 1
90 227 38
91 125 3
91 215 40
92 186 31
92 200 18
93 54 0
93 116 -10
94 88 32
94 135 -3
95 215 50
95 195 5
96 143 49
96 120 44
97 62 -10
97 60 9
98 142 14
98 38 30
99 88 34
99 22 15
100 154 18
100 242 6
101 113 -5
101 25 34
102 231 -10
102 22 10
103 126 19
103 216 24
104 163 31
104 81 33
105 100 45
105 203 -8
106 154 17
106 46 -6
107 61 33
107 23 12
108 214 29
108 157 41
109 207 9
109 61 41
110 219 -2
110 23 16
111 235 15
111 9 25
112 93 4
112 241 -10
113 177 -3
113 41 45
114 189 -2
114 121 5
115 108 27
115 151 11
116 178 -1
116 97 49
117 8 46
117 9 32
118 188 11
118 200 6
119 44 27
119 147 38
120 200 50
120 235 28
121 214 29
121 105 30
122 189 43
122 119 6
123 94 21
123 186 -5
124 185 37
124 154 7
125 217 26
125 139 34
126 119 -1
126 180 49
127 129 38
127 146 -6
128 39 36
128 172 9
129 12 6
129 8 35
130 44 19
130 84 17
131 108 18
131 132 13
132 137 -8
132 93 -3
133 65 47
133 99 -10
134 27 17
134 188 36
135 167 12
135 192 46
136 102 4
136 165 37
137 136 18
137 36 45
138 153 24
138 220 23
139 6 9
139 183 25
140 121 -2
140 143 27
141 16 6
141 96 0
142 60 38
142 63 -9
143 184 49
143 182 9
144 99 20
144 10 -8
145 39 15
145 210 31
146 122 43
146 13 37
147 62 47
147 228 8
148 195 15
148 4 23
149 70 23
149 28 -9
150 128 4
150 53 36
151 116 42
151 138 47
152 83 29
152 150 25
153 137 27
153 192 50
154 208 38
154 234 40
155 14 41
155 44 11
156 31 36
156 216 49
157 58 15
157 96 26
158 164 38
158 18 5
159 37 8
159 150 49
160 25 -8
160 156 41
161 41 17
161 133 44
162 51 35
162 146 50
163 14 47
163 58 42
164 29 5
164 130 -3
165 81 19
165 47 29
166 116 7
166 225 -4
167 39 45
167 127 40
168 227 -6
168 123 35
169 173 6
169 118 43
170 226 -6
170 225 38
171 122 -8
171 105 28
172 41 34
172 210 25
173 240 10
173 1 17
174 57 1
174 217 14
175 208 39
175 82 14
176 221 48
176 158 -3
177 26 47
177 45 1
178 41 4
178 81 1
179 34 42
179 128 23
180 231 -9
180 187 -9
181 21 37
181 109 13
182 63 3
182 3 1
183 100 24
183 106 11
184 117 27
184 49 -5
185 157 0
185 176 -5
186 221 -7
186 4 -6
187 83 0
187 118 12
188 231 42
188 199 17
189 212 39
189 29 5
190 222 22
190 233 -9
191 126 -8
191 65 10
192 54 39
192 169 31
193 59 19
193 38 8
194 174 45
194 93 26
195 212 42
195 38 29
196 188 2
196 15 30
197 44 -10
197 96 8
198 27 -5
198 143 28
199 217 2
199 148 17
200 97 24
200 170 40
201 218 47
201 58 12
202 20 32
202 200 50
203 124 47
203 198 18
204 74 44
204 37 -7
205 161 10
205 79 35
206 175 32
206 144 21
207 125 38
207 202 34
208 121 45
208 146 24
209 70 6
209 215 -5
210 91 9
210 16 22
211 23 6
211 96 20
212 230 -7
212 42 17
213 130 10
213 236 6
214 64 -7
214 130 49
215 93 46
215 133 7
216 21 47
216 87 5
217 27 28
217 55 16
218 220 35
218 168 43
219 115 3
219 58 48
220 85 43
220 95 45
221 182 29
221 203 35
222 136 8
222 224 31
223 71 6
223 168 33
224 93 -10
224 10 31
225 102 2
225 80 -7
226 108 14
226 45 27
227 211 21
227 41 38
228 201 -6
228 73 13
229 236 23
229 234 17
230 3 41
230 197 12
231 146 10
231 138 10
232 200 2
232 99 23
233 179 18
233 90 15
234 93 40
234 121 26
235 82 -5
235 87 -6
236 92 29
236 126 47
237 170 -4
237 77 38
238 173 42
238 165 38
239 177 -3
239 5 39
240 152 3
240 144 -2
241 53 26
241 23 31
242 25 -7
242 192 3
243 112 20
243 157 -2
