1 114 45
1 47 1
1 155 39
2 181 6
2 193 -6
2 174 -3
3 54 41
3 38 -1
3 130 7
4 26 23
4 182 35
4 191 -9
5 11 1
5 231 17
5 120 3
6 214 19
6 152 -8
6 39 34
7 161 0
7 11 6
7 144 6
8 61 12
8 130 5
8 120 41
9 144 7
9 129 47
9 37 -4
10 164 -8
10 241 21
10 194 24
11 238 4
11 128 41
11 20 -1
12 147 -3
12 218 13
12 64 35
13 210 38
13 38 30
13 50 1
14 230 28
14 163 9
14 1 -3
15 54 28
15 234 29
15 21 47
16 60 43
16 90 44
16 145 30
17 107 -1
17 147 -8
17 212 -3
18 91 0
18 7 42
18 173 -6
19 62 8
19 233 35
19 103 40
20 91 11
20 69 -2
20 83 -8
21 237 0
21 48 21
21 87 10
22 108 45
22 233 13
22 181 14
23 56 33
23 122 -9
23 38 44
24 237 -10
24 207 7
24 21 38
25 160 9
25 194 31
25 48 50
26 198 35
26 39 31
26 123 34
27 81 45
27 148 32
27 228 8
28 238 30
28 38 42
28 3 43
29 86 27
29 26 39
29 64 21
30 174 5
30 26 31
30 135 13
31 145 -3
31 3 33
31 83 -3
32 134 43
32 51 7
32 171 37
33 240 36
33 145 -6
33 173 41
34 106 13
34 86 46
34 65 38
35 13 -9
35 230 46
35 243 45
36 119 20
36 49 16
36 93 25
37 1 2
37 115 24
37 64 45
38 41 -9
38 133 28
38 96 -1
39 129 30
39 118 30
39 229 49
40 185 23
40 124 -4
40 17 25
41 16 45
41 7 30
41 195 45
42 24 10
42 27 20
42 138 -5
43 5 31
43 45 -9
43 215 4
44 4 50
44 167 11
44 229 -6
45 51 27
45 168 28
45 72 50
46 38 27
46 58 -2
46 231 34
47 141 9
47 41 2
47 175 4
48 138 15
48 226 13
48 119 18
49 10 26
49 190 42
49 53 28
50 225 16
50 238 32
50 234 46
51 173 10
51 100 14
51 15 -3
52 118 26
52 187 41
52 136 36
53 135 31
53 110 26
53 197 -9
54 94 7
54 175 27
54 180 44
55 5 46
55 176 -2
55 113 30
56 170 30
56 36 21
56 163 18
57 154 29
57 181 15
57 199 25
58 203 -4
58 57 38
58 96 22
59 182 -6
59 178 -7
59 80 40
60 5 23
60 140 29
60 142 5
61 136 24
61 191 -3
61 197 37
62 94 -8
62 11 9
62 31 2
63 71 -2
63 183 42
63 224 43
64 50 24
64 26 -7
64 70 35
65 230 2
65 137 37
65 152 4
66 153 42
66 144 44
66 116 4
67 200 -1
67 45 -7
67 163 50
68 172 27
68 20 38
68 172 8
69 168 15
69 156 10
69 217 7
70 156 38
70 114 49
70 125 14
71 241 13
71 201 -6
71 208 -1
72 48 -10
72 59 47
72 145 49
73 186 46
73 134 -6
73 170 -6
74 135 17
74 95 8
74 213 -9
75 189 0
75 104 4
75 120 35
76 22 16
76 28 22
76 15 6
77 211 33
77 56 50
77 92 5
78 95 7
78 147 4
78 160 -10
79 139 -9
79 222 7
79 78 37
80 27 8
80 210 -2
80 242 15
81 45 -1
81 87 24
81 69 36
82 203 44
82 192 16
82 5 4
83 28 -8
83 177 -8
83 165 -7
84 121 14
84 161 0
84 234 16
85 241 45
85 168 47
85 11 41
86 204 30
86 152 -6
86 130 -7
87 221 25
87 105 14
87 197 48
88 113 42
88 156 49
88 100 5
89 152 1
89 146 26
89 142 39
90 18 6
90 12 9
90 175 -10
91 219 23
91 118 43
91 19 2
92 239 34
92 91 39
92 76 10
93 19 1
93 228 6
93 219 39
94 103 5
94 38 46
94 149 44
95 35 3
95 119 48
95 217 37
96 12 16
96 217 -5
96 158 19
97 45 -8
97 30 41
97 98 45
98 117 17
98 197 1
98 24 30
99 72 -5
99 153 10
99 46 12
100 231 47
100 202 15
100 121 -3
101 142 20
101 71 23
101 192 25
102 46 -1
102 120 41
102 227 3
103 214 -10
103 242 2
103 56 13
104 123 44
104 81 31
104 33 10
105 102 -7
105 177 11
105 67 49
106 126 0
106 114 27
106 60 49
107 128 16
107 188 49
107 137 4
108 134 7
108 154 12
108 169 34
109 208 36
109 165 8
109 146 33
110 222 33
110 23 8
110 80 14
111 207 -4
111 46 8
111 201 30
112 233 23
112 18 36
112 79 15
113 108 6
113 239 27
113 193 10
114 54 5
114 127 44
114 34 4
115 132 -6
115 103 5
115 28 24
116 198 31
116 183 19
116 164 11
117 90 22
117 123 12
117 49 37
118 186 31
118 82 -6
118 212 17
119 76 7
119 129 -1
119 192 37
120 86 -4
120 182 40
120 90 15
121 59 8
121 160 25
121 216 1
122 72 19
122 236 27
122 66 21
123 49 8
123 16 23
123 180 36
124 221 22
124 102 -3
124 96 48
125 58 46
125 28 -1
125 9 49
126 176 22
126 174 41
126 64 -1
127 167 17
127 97 6
127 126 10
128 34 4
128 212 38
128 151 34
129 117 26
129 147 29
129 48 27
130 47 9
130 215 39
130 154 31
131 72 3
131 89 -2
131 212 28
132 16 42
132 121 -1
132 222 2
133 7 4
133 20 20
133 106 24
134 199 26
134 132 25
134 219 28
135 228 -8
135 59 13
135 29 24
136 167 36
136 159 10
136 33 31
137 37 -9
137 98 42
137 193 34
138 235 -4
138 152 20
138 110 30
139 129 3
139 172 40
139 81 6
140 151 39
140 109 1
140 105 -6
141 74 44
141 89 -1
141 131 38
142 103 5
142 49 15
142 95 39
143 211 4
143 79 23
143 211 3
144 124 0
144 237 35
144 76 50
145 179 45
145 166 28
145 33 -5
146 98 2
146 137 -1
146 195 36
147 35 48
147 18 39
147 66 22
148 189 -10
148 213 27
148 97 28
149 175 10
149 109 8
149 182 27
150 67 -8
150 140 48
150 182 43
151 29 -10
151 141 16
151 119 -9
152 168 -6
152 35 27
152 175 -9
153 170 13
153 111 50
153 203 17
154 21 47
154 176 50
154 214 0
155 18 36
155 190 17
155 46 -6
156 9 7
156 138 -6
156 53 33
157 104 35
157 185 22
157 87 17
158 200 -3
158 205 31
158 82 -9
159 79 41
159 28 22
159 47 36
160 163 40
160 230 -4
160 45 38
161 14 44
161 13 19
161 177 -6
162 77 3
162 9 17
162 105 10
163 131 -6
163 28 23
163 88 -4
164 76 43
164 127 12
164 148 41
165 112 15
165 55 27
165 41 -3
166 27 4
166 128 34
166 230 17
167 45 49
167 85 4
167 170 18
168 8 6
168 48 -4
168 112 14
169 75 11
169 95 30
169 89 40
170 173 -10
170 186 9
170 74 48
171 203 26
171 170 9
171 28 41
172 240 -5
172 207 8
172 111 -4
173 159 -8
173 49 16
173 167 40
174 182 25
174 186 13
174 112 35
175 131 40
175 38 47
175 186 44
176 171 28
176 200 33
176 95 7
177 218 38
177 14 -5
177 69 -8
178 81 45
178 31 -6
178 219 9
179 169 -2
179 166 37
179 217 42
180 207 1
180 226 32
180 30 50
181 153 31
181 224 28
181 61 16
182 190 25
182 162 -3
182 64 34
183 222 10
183 101 34
183 4 19
184 139 -1
184 173 11
184 222 -4
185 55 47
185 203 -6
185 201 40
186 174 43
186 171 26
186 157 35
187 227 27
187 64 26
187 186 5
188 86 26
188 228 26
188 6 32
189 63 -5
189 198 -3
189 21 41
190 167 32
190 49 34
190 46 -8
191 44 13
191 231 37
191 59 27
192 27 29
192 207 50
192 230 6
193 212 5
193 182 46
193 81 19
194 35 11
194 39 -5
194 155 9
195 166 13
195 129 41
195 55 -10
196 66 31
196 1 29
196 106 9
197 163 13
197 92 22
197 194 0
198 202 24
198 142 47
198 79 -7
199 59 -10
199 107 1
199 25 1
200 66 19
200 157 40
200 27 47
201 198 17
201 82 3
201 31 50
202 230 35
202 190 -7
202 165 -5
203 224 -3
203 17 21
203 195 19
204 172 12
204 238 -10
204 8 42
205 43 21
205 40 14
205 81 14
206 166 3
206 140 46
206 18 11
207 186 42
207 78 29
207 87 -4
208 56 21
208 101 35
208 122 3
209 17 20
209 47 36
209 85 13
210 93 4
210 42 44
210 49 31
211 97 6
211 71 8
211 99 -7
212 154 10
212 58 30
212 15 1
213 155 18
213 154 34
213 83 45
214 173 40
214 18 42
214 35 38
215 182 7
215 100 -6
215 118 22
216 84 24
216 1 35
216 83 -6
217 209 -6
217 140 2
217 67 9
218 136 33
218 130 14
218 148 30
219 203 -9
219 173 28
219 151 26
220 177 46
220 182 30
220 70 37
221 162 2
221 168 22
221 74 17
222 225 44
222 3 36
222 7 3
223 197 -5
223 193 -9
223 105 9
224 187 40
224 87 18
224 208 22
225 237 44
225 224 47
225 234 -3
226 183 18
226 140 46
226 236 -4
227 220 -5
227 21 43
227 36 4
228 236 -10
228 166 4
228 100 9
229 85 -2
229 66 33
229 144 40
230 76 8
230 88 46
230 71 39
231 149 32
231 115 49
231 67 48
232 243 -1
232 219 6
232 45 46
233 130 11
233 179 17
233 52 32
234 129 10
234 78 44
234 137 6
235 12 27
235 223 26
235 66 -3
236 214 15
236 208 22
236 49 -5
237 143 49
237 69 6
237 74 34
238 44 24
238 240 27
238 62 23
239 51 -9
239 184 18
239 152 42
240 191 30
240 32 34
240 161 21
241 218 16
241 163 -4
241 192 15
242 239 42
242 74 -5
242 17 28
243 242 39
243 156 -10
243 18 22
