1 640 32
1 124 25
1 690 9
1 232 -8
2 209 10
2 192 31
2 374 44
2 245 -8
3 128 4
3 518 -3
3 602 34
3 406 0
4 293 11
4 669 30
4 37 32
4 518 30
5 193 28
5 280 36
5 152 26
5 244 10
6 279 2
6 601 40
6 563 9
6 499 27
7 68 -7
7 515 23
7 602 4
7 552 35
8 631 45
8 529 21
8 244 1
8 289 42
9 81 19
9 686 46
9 403 36
9 428 29
10 334 -10
10 692 11
10 135 8
10 621 -2
11 609 19
11 226 -10
11 217 7
11 590 0
12 38 34
12 72 33
12 716 48
12 412 11
13 78 32
13 248 -6
13 719 10
13 83 24
14 261 15
14 191 46
14 308 17
14 480 28
15 17 -4
15 679 -1
15 725 50
15 496 2
16 443 39
16 98 29
16 410 9
16 86 35
17 328 13
17 435 36
17 286 49
17 452 13
18 199 38
18 299 18
18 97 1
18 567 39
19 468 31
19 399 50
19 442 16
19 255 -7
20 365 43
20 212 39
20 621 16
20 142 23
21 70 45
21 353 39
21 306 26
21 245 17
22 465 35
22 674 36
22 616 46
22 610 32
23 105 50
23 662 8
23 668 44
23 724 1
24 35 34
24 109 21
24 140 8
24 331 25
25 681 36
25 80 7
25 417 5
25 511 1
26 36 14
26 99 31
26 273 9
26 257 34
27 499 41
27 569 -6
27 289 21
27 378 8
28 337 48
28 193 35
28 378 20
28 567 17
29 451 30
29 222 -5
29 607 37
29 612 1
30 184 -6
30 440 33
30 611 28
30 434 15
31 576 31
31 617 36
31 640 9
31 324 12
32 288 49
32 577 14
32 297 6
32 468 -5
33 190 10
33 401 35
33 259 30
33 333 7
34 297 36
34 377 39
34 531 35
34 625 23
35 216 48
35 115 -10
35 431 7
35 569 12
36 26 14
36 621 7
36 522 14
36 293 40
37 227 20
37 717 5
37 278 -7
37 193 14
38 341 -3
38 425 -7
38 567 -7
38 706 48
39 49 48
39 400 -1
39 386 19
39 477 39
40 44 7
40 563 28
40 521 6
40 583 -9
41 713 5
41 149 18
41 634 46
41 367 46
42 1 19
42 633 46
42 636 11
42 259 12
43 377 27
43 586 3
43 93 45
43 183 -10
44 76 42
44 152 -1
44 265 43
44 14 40
45 556 -4
45 196 11
45 212 1
45 470 38
46 368 3
46 215 40
46 578 27
46 729 21
47 613 40
47 31 -2
47 172 32
47 642 31
48 30 27
48 337 29
48 473 2
48 667 28
49 237 -1
49 250 38
49 128 7
49 419 41
50 253 6
50 571 17
50 217 -2
50 117 3
51 719 47
51 639 -5
51 110 -3
51 285 2
52 317 19
52 32 36
52 345 36
52 225 -6
53 301 13
53 163 1
53 478 -6
53 530 50
54 666 46
54 694 35
54 502 9
54 117 1
55 621 31
55 705 18
55 139 46
55 589 40
56 431 4
56 235 9
56 347 32
56 513 4
57 590 20
57 639 33
57 55 15
57 34 4
58 701 29
58 540 17
58 16 43
58 543 33
59 302 18
59 105 31
59 681 34
59 152 17
60 677 34
60 209 38
60 722 13
60 391 40
61 136 6
61 105 30
61 189 43
61 119 6
62 337 21
62 429 -5
62 428 37
62 640 7
63 703 26
63 139 34
63 605 -1
63 666 49
64 372 38
64 632 -6
64 282 36
64 172 9
65 255 6
65 8 35
65 530 19
65 84 17
66 594 18
66 375 13
66 623 -8
66 93 -3
67 551 47
67 585 -10
67 270 17
67 674 36
68 167 12
68 192 46
68 345 4
68 408 37
69 379 18
69 279 45
69 153 24
69 220 23
70 6 9
70 183 25
70 364 -2
70 143 27
71 16 6
71 96 0
71 60 38
71 306 -9
72 670 49
72 668 9
72 99 20
72 496 -8
73 39 15
73 210 31
73 608 43
73 499 37
74 305 47
74 714 8
74 195 15
74 4 23
75 70 23
75 514 -9
75 128 4
75 539 36
76 602 42
76 381 47
76 569 29
76 150 25
77 623 27
77 192 50
77 208 38
77 720 40
78 257 41
78 287 11
78 517 36
78 216 49
79 58 15
79 96 26
79 164 38
79 261 5
80 523 8
80 636 49
80 511 -8
80 642 41
81 527 17
81 133 44
81 405 39
81 138 -2
82 286 29
82 24 9
82 604 28
82 377 -2
83 301 11
83 635 8
83 509 27
83 288 -4
84 128 31
84 168 15
84 149 37
84 450 15
85 463 -1
85 46 13
85 266 6
85 246 36
86 436 4
86 704 44
86 206 7
86 230 18
87 586 0
87 480 6
87 19 14
87 439 26
88 4 42
88 543 44
88 580 17
88 615 42
89 593 0
89 210 32
89 225 -4
89 429 -1
90 217 7
90 580 16
90 437 32
90 282 14
91 456 48
91 622 3
91 647 33
91 268 40
92 407 -2
92 417 -2
92 515 45
92 356 38
93 492 37
93 531 6
93 714 7
93 32 28
94 97 30
94 653 37
94 590 35
94 278 10
95 337 28
95 292 33
95 633 9
95 274 16
96 645 25
96 699 20
96 545 50
96 106 33
97 522 15
97 398 43
97 231 2
97 165 40
98 705 13
98 338 -2
98 535 -9
98 728 36
99 175 31
99 721 37
99 260 -8
99 416 19
100 577 3
100 660 32
100 654 48
100 454 47
101 395 -4
101 193 15
101 635 33
101 563 46
102 275 25
102 533 37
102 421 -10
102 511 41
103 542 27
103 193 3
103 674 37
103 132 -2
104 721 20
104 56 16
104 436 -2
104 117 20
105 680 17
105 501 12
105 570 43
105 610 24
106 389 -9
106 39 35
106 136 -4
106 285 17
107 373 10
107 722 6
107 307 -7
107 373 49
108 336 46
108 376 7
108 264 47
108 87 5
109 270 28
109 55 16
109 463 35
109 168 43
110 115 3
110 301 48
110 571 43
110 581 45
111 668 29
111 203 35
111 136 8
111 224 31
112 314 6
112 168 33
112 336 -10
112 496 31
113 345 2
113 323 -7
113 108 14
113 45 27
114 211 21
114 41 38
114 444 -6
114 73 13
115 236 23
115 477 17
115 246 41
115 440 12
116 632 10
116 624 10
116 443 2
116 585 23
117 665 18
117 576 15
117 93 40
117 607 26
118 325 -5
118 330 -6
118 578 29
118 369 47
119 413 -4
119 320 38
119 173 42
119 651 38
120 239 34
120 152 24
120 373 -8
120 351 21
121 660 31
121 28 22
121 389 21
121 270 -2
122 399 11
122 292 20
122 662 -8
122 547 26
123 183 6
123 432 18
123 24 41
123 549 18
124 249 40
124 613 5
124 717 43
124 685 21
125 435 26
125 121 -9
125 710 39
125 243 7
126 61 -6
126 275 13
126 327 -1
126 84 -6
127 506 21
127 139 -3
127 555 30
127 411 34
128 547 1
128 4 49
128 316 37
128 499 32
129 581 21
129 34 32
129 563 3
129 607 40
130 124 -4
130 89 48
130 450 16
130 45 2
131 341 0
131 98 0
131 201 48
131 474 34
132 392 42
132 184 33
132 209 50
132 270 4
133 427 30
133 28 21
133 99 48
133 131 36
134 390 26
134 539 -9
134 126 -3
134 621 47
135 462 39
135 540 25
135 207 46
135 197 -4
136 593 -7
136 490 -2
136 574 44
136 361 2
137 302 1
137 566 9
137 429 48
137 31 31
138 664 6
138 286 28
138 444 15
138 404 20
139 474 5
139 470 32
139 554 16
139 573 38
140 347 23
140 548 20
140 349 13
140 429 43
141 611 29
141 365 43
141 587 1
141 53 19
142 27 8
142 669 9
142 480 47
142 241 -4
143 478 7
143 576 3
143 380 16
143 601 17
144 293 43
144 23 -7
144 697 6
144 212 30
145 708 49
145 242 28
145 635 41
145 411 46
146 396 39
146 441 44
146 472 37
146 521 44
147 447 -3
147 6 15
147 472 47
147 165 39
148 264 2
148 728 2
148 380 41
148 111 32
149 295 0
149 436 20
149 196 40
149 323 3
150 361 40
150 559 27
150 506 2
150 238 38
151 324 20
151 196 23
151 404 37
151 330 -3
152 78 44
152 361 5
152 546 -4
152 246 10
153 596 4
153 59 -7
153 454 -7
153 379 31
154 655 41
154 157 35
154 141 38
154 558 42
155 540 50
155 147 41
155 559 34
155 540 16
156 296 10
156 76 23
156 708 -4
156 476 32
157 246 27
157 350 24
157 56 -7
157 452 47
158 620 19
158 327 38
158 290 39
158 592 4
159 432 -4
159 59 13
159 34 38
159 593 1
160 140 27
160 431 19
160 558 10
160 268 11
161 564 27
161 677 35
161 92 5
161 640 -7
162 450 -5
162 507 20
162 514 18
162 391 37
163 462 41
163 507 20
163 373 -10
163 349 24
164 391 20
164 368 29
164 62 19
164 644 14
165 630 -8
165 327 44
165 245 -7
165 307 43
166 655 21
166 532 1
166 666 20
166 568 24
167 422 -8
167 470 2
167 151 10
167 609 26
168 721 -9
168 510 -3
168 279 38
168 687 18
169 361 46
169 623 29
169 427 26
169 305 18
170 566 22
170 453 3
170 506 34
170 425 38
171 663 22
171 133 48
171 454 26
171 644 40
172 667 15
172 702 25
172 220 -4
172 588 0
173 213 43
173 371 25
173 360 0
173 13 12
174 304 10
174 687 17
174 5 29
174 346 6
175 411 -9
175 151 39
175 145 50
175 121 19
176 9 2
176 12 14
176 486 17
176 118 46
177 542 17
177 576 3
177 293 17
177 510 43
178 88 33
178 156 25
178 690 37
178 420 49
179 115 18
179 676 33
179 633 22
179 536 2
180 166 44
180 474 3
180 214 36
180 174 10
181 479 41
181 401 32
181 131 1
181 586 0
182 117 24
182 78 16
182 695 19
182 310 19
183 278 -6
183 508 7
183 530 27
183 454 2
184 577 12
184 315 -10
184 28 20
184 276 33
185 335 34
185 603 7
185 520 27
185 538 -2
186 18 -5
186 447 24
186 714 29
186 667 28
187 88 15
187 306 11
187 102 3
187 572 33
188 520 -4
188 530 16
188 608 40
188 623 39
189 90 5
189 469 18
189 699 8
189 466 50
190 554 -8
190 353 17
190 6 -8
190 211 -9
191 244 33
191 484 16
191 625 8
191 292 -6
192 357 24
192 697 44
192 396 -10
192 329 50
193 382 14
193 687 31
193 571 11
193 406 22
194 19 11
194 575 41
194 473 39
194 218 44
195 469 40
195 216 11
195 399 -6
195 588 -2
196 380 32
196 624 15
196 702 34
196 696 6
197 310 11
197 308 6
197 582 -2
197 105 2
198 440 36
198 367 10
198 117 -4
198 156 30
199 516 17
199 683 47
199 580 -2
199 372 -3
200 651 35
200 86 44
200 123 19
200 246 37
201 228 6
201 432 8
201 402 2
201 151 -1
202 381 6
202 373 27
202 255 21
202 21 8
203 643 10
203 283 38
203 272 -3
203 126 5
204 445 21
204 611 11
204 518 41
204 117 17
205 169 27
205 634 12
205 196 11
205 321 44
206 240 49
206 564 -1
206 297 16
206 374 50
207 137 50
207 72 7
207 270 6
207 472 26
208 102 49
208 234 35
208 554 -1
208 598 24
209 366 6
209 213 25
209 303 13
209 578 -4
210 293 37
210 566 30
210 568 -1
210 517 15
211 121 46
211 328 40
211 285 29
211 596 5
212 441 -5
212 562 -9
212 395 33
212 394 27
213 161 50
213 27 18
213 612 -2
213 210 3
214 694 22
214 500 45
214 63 19
214 250 42
215 596 -2
215 324 16
215 618 -2
215 1 4
216 270 12
216 225 36
216 183 12
216 726 11
217 551 38
217 143 46
217 460 8
217 470 7
218 719 23
218 490 49
218 356 50
218 639 32
219 21 11
219 348 19
219 256 31
219 474 39
220 77 11
220 328 21
220 320 40
220 406 0
221 418 32
221 322 30
221 680 46
221 252 11
222 565 34
222 80 50
222 451 21
222 307 47
223 494 -6
223 277 -1
223 522 15
223 89 -8
224 587 23
224 14 27
224 473 27
224 206 29
225 184 28
225 70 2
225 168 5
225 32 23
226 624 19
226 371 2
226 531 14
226 492 -7
227 182 2
227 288 -7
227 393 -2
227 299 16
228 502 -10
228 529 47
228 170 34
228 242 41
229 373 -5
229 156 -4
229 583 1
229 245 -10
230 398 23
230 669 42
230 494 12
230 698 29
231 640 38
231 666 -3
231 474 32
231 328 31
232 452 34
232 261 23
232 650 20
232 76 4
233 410 2
233 634 1
233 722 33
233 654 49
234 673 34
234 716 38
234 706 29
234 131 35
235 490 -7
235 293 25
235 388 40
235 228 49
236 464 44
236 105 23
236 324 44
236 48 34
237 474 11
237 157 29
237 537 24
237 424 -6
238 595 2
238 39 24
238 205 47
238 366 32
239 248 49
239 482 31
239 400 11
239 11 20
240 273 -1
240 200 -9
240 302 31
240 133 31
241 310 18
241 114 0
241 349 13
241 156 26
242 516 8
242 327 42
242 5 1
242 10 32
243 366 -1
243 344 48
243 692 32
243 142 22
244 155 2
244 578 15
244 632 9
244 107 23
245 42 10
245 687 -2
245 450 30
245 634 -10
246 79 44
246 403 26
246 41 -5
246 74 46
247 308 36
247 309 28
247 341 19
247 223 23
248 457 25
248 393 15
248 686 20
248 208 9
249 515 48
249 174 -10
249 20 -2
249 459 22
250 373 37
250 507 -2
250 494 3
250 303 35
251 425 10
251 503 9
251 245 0
251 433 23
252 635 40
252 321 49
252 184 -4
252 133 15
253 117 9
253 529 -3
253 712 34
253 89 28
254 312 35
254 103 -4
254 186 38
254 461 8
255 366 -10
255 548 -2
255 184 46
255 146 28
256 717 19
256 602 2
256 526 45
256 437 35
257 592 36
257 304 46
257 273 44
257 570 44
258 296 9
258 694 -7
258 136 12
258 291 -5
259 349 5
259 305 17
259 52 20
259 329 -8
260 521 29
260 610 28
260 465 2
260 234 -1
261 164 -7
261 448 -5
261 653 -4
261 163 42
262 202 -7
262 527 5
262 92 11
262 375 14
263 429 23
263 68 16
263 43 49
263 438 8
264 591 47
264 598 49
264 146 -6
264 244 -8
265 69 41
265 716 42
265 148 7
265 356 13
266 555 -3
266 373 22
266 711 42
266 349 45
267 50 -10
267 206 28
267 308 46
267 95 -6
268 615 0
268 40 3
268 140 -5
268 404 34
269 135 42
269 461 17
269 231 27
269 519 34
270 177 20
270 308 44
270 187 -4
270 351 50
271 73 39
271 499 43
271 556 6
271 383 12
272 75 36
272 511 14
272 403 42
272 583 26
273 226 49
273 706 43
273 546 34
273 364 26
274 453 39
274 532 -2
274 7 36
274 459 41
275 307 40
275 206 12
275 611 47
275 133 12
276 338 23
276 38 -9
276 481 38
276 397 6
277 511 17
277 665 12
277 130 22
277 697 26
278 135 -6
278 694 -10
278 556 43
278 85 -1
279 654 33
279 721 42
279 657 11
279 515 47
280 672 46
280 618 42
280 542 -10
280 410 13
281 359 20
281 469 47
281 691 44
281 569 48
282 275 46
282 163 43
282 184 -10
282 658 36
283 182 10
283 467 40
283 332 29
283 430 -4
284 150 -5
284 462 40
284 625 40
284 642 11
285 377 2
285 718 34
285 7 0
285 417 10
286 589 3
286 563 30
286 114 -5
286 225 20
287 592 -7
287 187 17
287 435 33
287 406 43
288 119 41
288 529 40
288 173 3
288 514 33
289 511 0
289 342 4
289 721 -2
289 106 50
290 68 30
290 529 20
290 696 42
290 408 25
291 506 44
291 393 27
291 203 38
291 426 27
292 486 17
292 438 -1
292 208 34
292 173 46
293 189 47
293 591 -9
293 727 37
293 583 -7
294 692 27
294 255 18
294 641 50
294 311 40
295 543 22
295 659 35
295 159 3
295 116 10
296 682 34
296 294 12
296 33 22
296 521 -4
297 491 48
297 596 21
297 402 -10
297 690 4
298 277 22
298 611 19
298 639 42
298 679 -3
299 454 33
299 419 39
299 573 46
299 138 50
300 181 35
300 288 25
300 592 -3
300 492 41
301 73 6
301 663 31
301 321 47
301 163 8
302 200 15
302 507 25
302 61 33
302 620 32
303 463 4
303 144 10
303 525 16
303 221 5
304 7 41
304 432 32
304 717 26
304 249 21
305 458 44
305 242 23
305 341 25
305 83 39
306 102 2
306 237 33
306 143 22
306 478 20
307 263 -4
307 432 23
307 339 -9
307 178 1
308 112 28
308 446 48
308 385 31
308 646 21
309 210 5
309 475 46
309 626 33
309 652 25
310 114 36
310 182 44
310 114 10
310 699 26
311 620 31
311 183 4
311 438 12
311 419 35
312 537 0
312 137 46
312 34 50
312 685 35
313 516 12
313 468 -3
313 236 31
313 686 14
314 667 25
314 592 13
314 607 9
314 728 36
315 8 23
315 458 21
315 479 15
315 695 35
316 427 48
316 103 8
316 73 39
316 660 6
317 435 0
317 581 29
317 145 22
317 444 -3
318 543 -4
318 550 -6
318 134 4
318 154 45
319 542 39
319 336 31
319 535 40
319 148 -5
320 68 39
320 714 20
320 38 28
320 669 42
321 318 5
321 569 9
321 316 22
321 195 -9
322 298 48
322 229 46
322 101 32
322 195 -1
323 117 10
323 218 0
323 40 26
323 74 19
324 399 14
324 374 41
324 659 10
324 459 -1
325 151 18
325 103 -4
325 287 -8
325 60 46
326 253 12
326 463 28
326 600 46
326 409 11
327 689 27
327 172 44
327 99 44
327 574 18
328 147 -3
328 13 29
328 41 10
328 194 47
329 99 35
329 453 31
329 291 14
329 265 47
330 28 6
330 652 0
330 623 50
330 291 16
331 636 3
331 663 35
331 75 29
331 459 21
332 533 -6
332 330 -2
332 374 43
332 656 35
333 651 33
333 199 12
333 279 -9
333 289 48
334 174 22
334 203 13
334 60 23
334 701 35
335 190 21
335 442 2
335 682 29
335 61 11
336 632 45
336 154 33
336 93 0
336 709 16
337 212 15
337 525 -8
337 298 38
337 141 19
338 439 -1
338 93 12
338 375 12
338 190 -2
339 48 39
339 500 40
339 257 18
339 49 6
340 492 36
340 658 8
340 221 10
340 222 1
341 616 3
341 115 33
341 12 31
341 411 13
342 158 47
342 475 4
342 510 48
342 120 18
343 667 39
343 549 38
343 456 14
343 417 25
344 452 3
344 671 -1
344 644 44
344 520 19
345 361 50
345 2 20
345 351 37
345 376 41
346 663 11
346 237 41
346 545 39
346 524 43
347 241 38
347 260 8
347 110 37
347 282 44
348 160 15
348 556 43
348 450 8
348 525 18
349 182 38
349 190 45
349 416 -5
349 551 12
350 564 31
350 519 40
350 507 4
350 284 14
351 371 16
351 333 19
351 452 21
351 564 1
352 45 18
352 139 38
352 648 7
352 231 22
353 209 13
353 43 18
353 703 49
353 213 17
354 152 15
354 446 16
354 544 12
354 71 17
355 324 45
355 650 8
355 335 44
355 606 36
356 34 22
356 163 36
356 105 23
356 326 50
357 540 41
357 285 20
357 256 23
357 165 20
358 65 -7
358 376 50
358 220 39
358 453 19
359 19 36
359 596 -8
359 116 -9
359 11 34
360 138 23
360 154 2
360 599 11
360 431 13
361 666 33
361 711 -6
361 489 7
361 442 46
362 699 31
362 38 16
362 226 0
362 377 -9
363 662 20
363 48 44
363 5 7
363 651 -7
364 2 20
364 562 27
364 539 24
364 648 37
365 296 43
365 694 3
365 204 49
365 663 2
366 582 20
366 429 25
366 395 0
366 248 34
367 673 3
367 670 5
367 162 48
367 679 14
368 377 18
368 246 35
368 516 15
368 30 15
369 563 15
369 533 6
369 40 19
369 366 13
370 309 19
370 686 14
370 196 26
370 100 -2
371 184 31
371 339 18
371 131 3
371 476 5
372 128 42
372 701 3
372 671 13
372 584 50
373 325 -4
373 309 16
373 381 21
373 691 7
374 9 31
374 177 17
374 95 31
374 342 14
375 185 43
375 604 23
375 356 22
375 365 22
376 502 4
376 588 32
376 356 33
376 434 46
377 226 9
377 440 40
377 331 37
377 561 39
378 336 22
378 411 42
378 345 -7
378 395 19
379 265 25
379 691 17
379 375 11
379 567 13
380 586 19
380 440 -4
380 172 26
380 587 17
381 16 5
381 644 7
381 327 27
381 473 36
382 370 2
382 68 15
382 523 15
382 623 4
383 501 23
383 212 37
383 205 23
383 79 -4
384 110 0
384 49 48
384 25 18
384 91 -10
385 253 -2
385 340 13
385 393 19
385 434 -7
386 545 11
386 497 14
386 590 9
386 508 36
387 165 19
387 625 0
387 490 6
387 642 48
388 540 33
388 360 16
388 398 19
388 145 18
389 312 24
389 647 50
389 56 -9
389 483 12
390 95 48
390 121 -3
390 395 24
390 406 16
391 350 47
391 62 13
391 610 13
391 722 -7
392 145 19
392 366 30
392 681 -7
392 81 36
393 236 1
393 504 33
393 248 35
393 644 16
394 275 26
394 563 13
394 657 34
394 251 24
395 639 24
395 413 33
395 159 41
395 199 12
396 16 6
396 318 43
396 615 29
396 10 15
397 319 13
397 333 22
397 251 0
397 299 37
398 505 39
398 666 43
398 448 50
398 67 17
399 226 -1
399 323 21
399 375 24
399 623 -10
400 131 21
400 483 46
400 309 5
400 39 22
401 263 36
401 177 43
401 326 22
401 306 45
402 214 44
402 361 18
402 353 -10
402 297 36
403 190 -10
403 335 26
403 480 45
403 708 8
404 139 2
404 74 40
404 69 -8
404 417 10
405 539 43
405 418 42
405 592 -3
405 274 9
406 569 47
406 118 -6
406 514 5
406 511 30
407 220 23
407 328 3
407 691 43
407 235 29
408 582 15
408 587 27
408 702 32
408 334 -5
409 580 2
409 696 29
409 559 4
409 12 43
410 446 3
410 36 44
410 157 2
410 644 4
411 116 -1
411 224 9
411 595 29
411 498 -1
412 389 12
412 170 -10
412 337 4
412 64 5
413 467 -10
413 148 46
413 394 32
413 264 18
414 217 15
414 431 23
414 644 -7
414 504 39
415 163 29
415 162 50
415 282 38
415 200 -9
416 355 -8
416 576 -2
416 442 31
416 22 44
417 275 33
417 626 38
417 297 45
417 703 17
418 5 38
418 275 7
418 64 27
418 251 4
419 147 34
419 486 8
419 4 14
419 377 12
420 636 6
420 24 -3
420 573 41
420 604 16
421 530 17
421 80 13
421 442 49
421 353 4
422 257 2
422 400 39
422 622 19
422 632 19
423 350 6
423 245 -9
423 356 22
423 306 38
424 657 10
424 631 10
424 189 -9
424 421 16
425 363 29
425 319 30
425 655 12
425 307 36
426 188 5
426 213 19
426 474 24
426 129 19
427 435 18
427 145 29
427 186 49
427 305 46
428 307 12
428 563 -1
428 332 44
428 207 35
429 444 38
429 194 -4
429 509 21
429 94 19
430 287 0
430 450 28
430 525 -5
430 279 37
431 50 37
431 160 14
431 521 18
431 477 13
432 213 1
432 367 49
432 581 -4
432 289 26
433 440 41
433 122 15
433 587 43
433 130 9
434 230 -6
434 293 31
434 233 29
434 251 27
435 77 44
435 179 -10
435 344 18
435 36 43
436 285 -3
436 608 16
436 600 14
436 274 27
437 651 24
437 606 -10
437 52 -3
437 619 30
438 288 -5
438 48 19
438 519 28
438 617 29
439 124 -3
439 91 27
439 286 -9
439 55 -2
440 2 -7
440 635 1
440 698 1
440 411 -9
441 412 9
441 316 35
441 107 37
441 323 42
442 529 30
442 215 21
442 213 32
442 246 34
443 173 -8
443 307 13
443 206 -4
443 692 33
444 145 30
444 36 28
444 563 36
444 643 4
445 184 -7
445 417 4
445 155 11
445 391 21
446 595 11
446 384 39
446 425 48
446 51 -10
447 7 5
447 726 45
447 622 8
447 419 7
448 40 7
448 368 46
448 274 17
448 233 28
449 28 34
449 533 30
449 168 6
449 612 49
450 447 43
450 373 -6
450 468 47
450 9 48
451 260 33
451 42 44
451 204 27
451 182 31
452 299 40
452 307 -6
452 75 7
452 174 8
453 161 35
453 318 -5
453 539 36
453 691 20
454 525 38
454 169 12
454 298 50
454 682 37
455 284 31
455 724 3
455 680 22
455 341 50
456 716 1
456 170 -8
456 584 14
456 524 34
457 664 6
457 571 -7
457 31 8
457 617 36
458 296 45
458 393 -6
458 285 5
458 316 8
459 117 13
459 335 22
459 193 39
459 444 0
460 182 26
460 414 2
460 187 11
460 721 0
461 192 46
461 454 31
461 248 -3
461 85 6
462 545 44
462 367 -10
462 49 3
462 388 6
463 379 -1
463 393 -7
463 612 -7
463 219 39
464 438 16
464 293 29
464 678 1
464 273 1
465 717 46
465 714 -2
465 615 23
465 391 17
466 360 37
466 464 -8
466 306 37
466 218 9
467 365 42
467 635 -9
467 705 2
467 203 8
468 657 24
468 516 49
468 471 6
468 121 8
469 596 29
469 659 2
469 597 10
469 53 -9
470 558 7
470 556 -3
470 675 25
470 126 39
471 579 37
471 585 14
471 600 36
471 341 39
472 550 10
472 196 31
472 473 46
472 611 47
473 222 22
473 316 19
473 493 -10
473 363 18
474 159 29
474 148 37
474 694 36
474 296 17
475 417 32
475 709 33
475 183 6
475 584 37
476 62 43
476 174 32
476 252 -2
476 305 49
477 79 46
477 206 3
477 218 34
477 509 5
478 514 22
478 23 10
478 576 41
478 432 6
479 609 48
479 428 12
479 113 34
479 381 26
480 142 23
480 436 13
480 525 19
480 117 30
481 400 -10
481 367 46
481 118 13
481 62 26
482 20 2
482 361 25
482 19 38
482 70 23
483 207 14
483 537 16
483 450 39
483 510 25
484 535 37
484 254 -7
484 600 18
484 265 9
485 241 39
485 294 50
485 498 27
485 632 0
486 637 -9
486 181 25
486 326 35
486 359 31
487 704 4
487 497 37
487 368 29
487 635 21
488 134 27
488 5 49
488 271 36
488 426 -1
489 595 16
489 380 -8
489 152 -2
489 89 28
490 151 45
490 142 30
490 205 9
490 126 16
491 23 24
491 524 50
491 282 35
491 667 22
492 119 12
492 138 36
492 66 -2
492 118 29
493 716 38
493 269 2
493 630 5
493 481 30
494 204 29
494 429 4
494 177 23
494 485 -10
495 308 -9
495 725 33
495 559 1
495 7 0
496 6 11
496 23 29
496 98 -7
496 599 -8
497 20 9
497 466 9
497 414 22
497 59 15
498 411 9
498 194 27
498 520 43
498 570 -3
499 298 47
499 189 46
499 437 29
499 157 46
500 453 14
500 64 30
500 508 16
500 289 21
501 450 11
501 520 16
501 650 36
501 477 33
502 496 45
502 417 37
502 224 33
502 102 36
503 653 2
503 301 -6
503 585 20
503 670 1
504 198 3
504 405 36
504 14 17
504 132 25
505 28 27
505 6 22
505 609 -4
505 444 44
506 48 9
506 345 41
506 206 35
506 227 17
507 401 -5
507 511 15
507 717 22
507 564 -4
508 324 38
508 14 36
508 240 26
508 606 36
509 81 -7
509 200 41
509 240 20
509 406 11
510 554 35
510 249 33
510 83 45
510 511 19
511 693 3
511 426 -5
511 2 19
511 76 -7
512 405 46
512 206 -2
512 479 -1
512 76 44
513 588 25
513 517 39
513 210 -10
513 705 0
514 129 41
514 85 4
514 515 33
514 422 41
515 407 35
515 638 36
515 556 8
515 278 32
516 537 15
516 476 31
516 252 33
516 352 50
517 630 41
517 670 3
517 342 46
517 371 3
518 6 -6
518 671 12
518 480 13
518 585 12
519 447 32
519 355 2
519 361 31
519 52 31
520 512 7
520 36 12
520 675 38
520 67 30
521 352 22
521 178 -5
521 602 36
521 384 0
522 704 -9
522 11 -8
522 126 -5
522 480 0
523 297 28
523 416 11
523 651 49
523 351 43
524 477 19
524 510 41
524 469 -5
524 153 -6
525 442 7
525 100 0
525 344 39
525 391 -1
526 504 38
526 354 -7
526 399 39
526 147 6
527 429 22
527 616 8
527 705 38
527 241 -9
528 492 19
528 137 16
528 215 15
528 500 42
529 598 9
529 15 12
529 242 3
529 318 -6
530 90 26
530 327 12
530 675 42
530 719 37
531 85 -4
531 583 40
531 37 44
531 606 33
532 690 40
532 302 1
532 331 9
532 529 47
533 248 25
533 557 5
533 382 31
533 588 25
534 124 36
534 149 35
534 220 9
534 44 46
535 706 35
535 224 24
535 116 43
535 378 2
536 515 -4
536 629 -9
536 79 14
536 185 46
537 699 -10
537 269 11
537 198 26
537 613 40
538 372 15
538 621 10
538 290 21
538 10 13
539 76 39
539 224 5
539 412 -2
539 326 -1
540 120 -10
540 477 -5
540 138 13
540 645 22
541 326 -8
541 393 8
541 64 -8
541 306 36
542 455 11
542 332 17
542 176 16
542 197 36
543 201 -8
543 431 -2
543 545 -9
543 50 -4
544 132 -6
544 111 31
544 423 39
544 364 4
545 592 24
545 246 20
545 711 7
545 109 1
546 607 49
546 471 9
546 166 48
546 667 32
547 184 21
547 400 42
547 113 34
547 311 12
548 594 31
548 610 -7
548 398 2
548 110 34
549 425 23
549 226 -4
549 588 18
549 339 31
550 222 -2
550 292 -9
550 653 23
550 43 25
551 628 4
551 271 36
551 460 48
551 650 -10
552 541 23
552 59 45
552 605 8
552 31 34
553 695 26
553 340 37
553 416 25
553 54 37
554 49 10
554 562 0
554 65 -4
554 728 7
555 278 46
555 590 34
555 369 16
555 637 24
556 270 10
556 678 13
556 104 -5
556 493 9
557 483 32
557 168 28
557 638 25
557 327 50
558 64 43
558 369 23
558 367 29
558 434 13
559 481 13
559 292 40
559 285 -2
559 726 17
560 662 12
560 431 5
560 533 40
560 168 42
561 337 4
561 296 33
561 147 10
561 617 19
562 462 24
562 441 38
562 381 20
562 215 3
563 355 25
563 632 -7
563 287 45
563 712 31
564 304 26
564 281 -3
564 368 43
564 285 11
565 193 7
565 166 49
565 591 42
565 630 35
566 229 44
566 380 10
566 578 7
566 447 2
567 482 25
567 405 32
567 366 46
567 411 17
568 171 37
568 210 -2
568 531 18
568 371 41
569 527 19
569 386 -1
569 634 20
569 332 24
570 85 27
570 352 0
570 190 6
570 260 47
571 587 2
571 74 10
571 483 2
571 323 7
572 476 9
572 104 12
572 380 -9
572 521 -5
573 671 -1
573 365 24
573 299 25
573 243 15
574 312 41
574 630 -4
574 209 6
574 611 18
575 280 35
575 174 37
575 679 -10
575 454 19
576 433 28
576 269 43
576 291 50
576 168 5
577 63 42
577 638 9
577 489 -6
577 399 -9
578 552 -4
578 549 9
578 524 46
578 643 30
579 646 17
579 147 46
579 558 43
579 528 46
580 389 44
580 116 27
580 91 33
580 326 39
581 354 14
581 54 2
581 591 18
581 166 22
582 77 10
582 727 38
582 473 33
582 118 38
583 170 -7
583 320 44
583 458 3
583 379 30
584 108 21
584 541 9
584 618 44
584 460 1
585 568 23
585 696 35
585 538 -8
585 630 35
586 94 34
586 140 42
586 190 10
586 676 30
587 460 -7
587 179 30
587 88 -4
587 6 45
588 205 50
588 663 46
588 167 37
588 689 18
589 574 39
589 667 45
589 475 31
589 162 26
590 349 18
590 287 16
590 354 3
590 455 -1
591 33 32
591 635 -4
591 390 -4
591 509 41
592 690 33
592 303 28
592 194 19
592 3 4
593 403 26
593 108 40
593 713 7
593 722 -6
594 549 26
594 23 16
594 175 11
594 36 -3
595 370 50
595 119 -3
595 512 28
595 33 24
596 228 44
596 613 -5
596 279 -2
596 2 19
597 414 14
597 263 19
597 721 -7
597 560 -10
598 291 19
598 107 45
598 27 45
598 675 15
599 532 40
599 700 24
599 533 24
599 392 -1
600 345 30
600 147 -2
600 696 5
600 261 22
601 677 12
601 148 16
601 531 43
601 545 25
602 659 22
602 690 36
602 530 4
602 233 4
603 267 41
603 237 16
603 545 28
603 398 27
604 22 18
604 281 4
604 176 41
604 185 24
605 326 34
605 127 44
605 451 18
605 691 34
606 123 12
606 120 31
606 491 5
606 78 16
607 265 16
607 626 40
607 576 9
607 493 0
608 412 1
608 417 25
608 443 15
608 35 -3
609 270 22
609 603 -8
609 477 1
609 496 20
610 259 19
610 304 -6
610 687 8
610 260 -3
611 506 50
611 465 7
611 186 13
611 374 -9
612 312 12
612 259 24
612 690 37
612 580 41
613 687 0
613 713 14
613 162 2
613 321 -9
614 647 50
614 324 16
614 511 29
614 304 13
615 432 32
615 34 6
615 138 39
615 388 43
616 483 46
616 434 24
616 694 22
616 412 33
617 652 9
617 125 20
617 174 47
617 239 43
618 144 32
618 164 -8
618 186 3
618 11 6
619 296 7
619 79 21
619 496 38
619 501 19
620 395 19
620 564 -2
620 111 0
620 217 46
621 633 50
621 639 33
621 416 -2
621 508 39
622 292 48
622 221 8
622 430 43
622 408 11
623 478 8
623 82 23
623 414 17
623 403 43
624 619 2
624 307 2
624 323 9
624 695 32
625 551 19
625 648 30
625 425 -5
625 460 5
626 139 -5
626 634 21
626 114 16
626 694 38
627 415 30
627 368 12
627 498 20
627 154 20
628 63 39
628 465 0
628 454 34
628 43 8
629 97 48
629 308 -5
629 465 6
629 122 9
630 429 19
630 381 34
630 276 38
630 481 11
631 389 13
631 131 46
631 667 43
631 349 48
632 455 27
632 207 50
632 217 39
632 325 7
633 545 36
633 615 13
633 495 41
633 161 17
634 619 50
634 262 41
634 151 8
634 237 16
635 551 -6
635 467 32
635 349 -5
635 166 45
636 71 40
636 375 12
636 4 19
636 627 42
637 351 19
637 394 1
637 495 31
637 680 -4
638 523 -6
638 329 23
638 636 -1
638 367 42
639 560 -6
639 583 -7
639 628 31
639 719 37
640 419 -7
640 705 41
640 332 10
640 652 12
641 282 45
641 672 38
641 235 26
641 277 3
642 40 41
642 579 17
642 212 29
642 607 40
643 417 8
643 253 44
643 721 -7
643 496 -1
644 59 -5
644 181 34
644 327 27
644 712 6
645 117 17
645 693 5
645 706 3
645 350 -8
646 272 43
646 517 47
646 715 -3
646 675 10
647 509 47
647 188 15
647 614 20
647 418 48
648 644 36
648 587 12
648 55 38
648 341 39
649 405 18
649 102 37
649 228 39
649 421 44
650 417 41
650 628 47
650 55 5
650 713 35
651 342 39
651 496 15
651 77 -7
651 334 16
652 721 -5
652 315 31
652 355 31
652 268 45
653 277 28
653 80 23
653 712 -3
653 236 48
654 612 17
654 22 -6
654 521 25
654 637 22
655 278 -9
655 702 44
655 229 -1
655 544 -4
656 711 37
656 16 48
656 56 5
656 595 5
657 643 35
657 148 5
657 337 10
657 19 40
658 65 22
658 110 -1
658 653 7
658 675 35
659 209 33
659 11 -1
659 407 4
659 345 49
660 237 16
660 226 8
660 407 27
660 127 32
661 630 -3
661 247 -5
661 519 6
661 368 36
662 626 30
662 4 5
662 98 15
662 567 15
663 357 39
663 680 31
663 96 16
663 533 11
664 316 42
664 42 18
664 704 42
664 333 10
665 559 32
665 156 50
665 198 9
665 210 23
666 572 3
666 655 28
666 126 5
666 655 13
667 656 13
667 9 16
667 278 1
667 489 17
668 42 18
668 566 38
668 182 46
668 91 36
669 166 44
669 287 23
669 179 42
669 462 28
670 590 18
670 201 9
670 569 49
670 671 4
671 308 6
671 586 1
671 480 17
671 315 35
672 506 8
672 654 -10
672 390 48
672 476 43
673 122 29
673 640 42
673 353 12
673 181 33
674 623 -2
674 72 21
674 524 31
674 198 50
675 503 47
675 680 0
675 232 46
675 281 26
676 230 43
676 156 -7
676 568 9
676 4 -5
677 572 24
677 346 38
677 32 26
677 684 22
678 44 33
678 541 -10
678 106 22
678 298 -9
679 38 47
679 50 9
679 129 12
679 634 1
680 448 4
680 487 20
680 682 9
680 233 7
681 672 -1
681 718 49
681 34 -9
681 483 3
682 60 -8
682 425 3
682 255 11
682 453 14
683 631 3
683 319 -9
683 326 26
683 148 6
684 333 25
684 409 33
684 508 15
684 662 49
685 442 35
685 3 29
685 533 37
685 637 -3
686 72 35
686 568 -6
686 376 17
686 702 -2
687 580 33
687 719 33
687 547 20
687 483 21
688 224 49
688 404 22
688 607 -1
688 288 45
689 594 -8
689 695 14
689 37 5
689 383 44
690 290 45
690 375 45
690 63 15
690 693 4
691 389 18
691 255 47
691 341 -5
691 535 35
692 455 23
692 526 -2
692 43 25
692 95 -7
693 349 43
693 531 32
693 593 -6
693 397 4
694 454 15
694 640 17
694 27 7
694 596 37
695 445 33
695 46 46
695 641 20
695 592 34
696 438 26
696 602 4
696 454 13
696 613 9
697 122 4
697 264 -9
697 594 50
697 433 38
698 677 2
698 538 19
698 44 18
698 422 39
699 634 38
699 219 36
699 243 22
699 347 41
700 46 -6
700 36 43
700 276 46
700 502 12
701 354 49
701 5 16
701 109 22
701 249 19
702 320 -6
702 473 26
702 99 42
702 114 45
703 370 -2
703 315 20
703 108 46
703 575 48
704 550 48
704 420 16
704 488 40
704 593 -2
705 446 -4
705 474 49
705 573 44
705 674 47
706 307 16
706 461 43
706 235 17
706 171 -2
707 246 39
707 359 11
707 523 45
707 540 0
708 301 40
708 149 17
708 217 8
708 156 4
709 2 6
709 506 -10
709 471 3
709 727 3
710 364 11
710 114 18
710 598 42
710 633 19
711 350 49
711 619 1
711 250 46
711 328 7
712 99 31
712 644 22
712 329 -5
712 203 38
713 187 49
713 516 44
713 71 18
713 267 43
714 335 43
714 279 39
714 284 -2
714 302 16
715 503 32
715 130 38
715 331 12
715 390 -7
716 52 50
716 295 19
716 361 37
716 432 9
717 404 10
717 590 50
717 495 -1
717 190 5
718 271 18
718 316 43
718 643 2
718 88 35
719 499 47
719 672 31
719 46 39
719 443 15
720 692 47
720 400 -5
720 666 30
720 173 35
721 530 7
721 519 32
721 44 50
721 393 0
722 480 32
722 315 22
722 243 46
722 369 13
723 550 14
723 379 -3
723 315 -6
723 101 14
724 360 3
724 260 3
724 172 2
724 85 -3
725 688 -4
725 437 -5
725 517 35
725 113 39
726 290 -2
726 357 32
726 441 45
726 324 33
727 694 17
727 437 5
727 546 35
727 463 -7
728 59 20
728 671 45
728 659 49
728 653 37
729 472 29
729 165 -6
729 360 5
729 197 25
