1 551 13
1 102 16
1 412 29
2 255 -3
2 363 19
2 275 -8
3 97 34
3 577 29
3 364 17
4 39 11
4 556 3
4 163 19
5 623 15
5 16 37
5 321 -7
6 48 1
6 350 -3
6 18 22
7 392 3
7 84 41
7 48 -4
8 506 36
8 585 15
8 629 31
9 106 34
9 270 39
9 638 35
10 544 0
10 527 -4
10 121 37
11 647 -10
11 461 15
11 571 10
12 115 40
12 268 44
12 637 25
13 604 12
13 131 33
13 587 1
14 86 -6
14 404 2
14 667 33
15 280 9
15 710 9
15 310 3
16 251 10
16 628 27
16 156 -7
17 138 5
17 393 47
17 236 8
18 480 -10
18 309 50
18 671 27
19 509 15
19 365 26
19 304 18
20 456 32
20 105 29
20 251 39
21 361 48
21 411 -1
21 142 50
22 141 19
22 31 22
22 483 9
23 121 15
23 591 18
23 587 22
24 95 12
24 576 -5
24 151 50
25 700 35
25 159 18
25 719 12
26 632 22
26 112 24
26 646 31
27 243 17
27 524 9
27 431 1
28 211 42
28 290 46
28 575 4
29 180 10
29 609 29
29 164 41
30 577 1
30 643 -7
30 367 5
31 45 35
31 513 34
31 556 26
32 715 6
32 538 -5
32 104 8
33 661 10
33 279 -3
33 357 42
34 380 -10
34 98 49
34 365 -7
35 388 15
35 628 3
35 110 1
36 223 5
36 474 44
36 637 3
37 527 28
37 257 8
37 441 24
38 514 -1
38 541 0
38 324 10
39 60 29
39 297 21
39 332 32
40 449 15
40 623 39
40 127 39
41 203 44
41 536 38
41 297 26
42 290 12
42 305 36
42 258 -2
43 265 22
43 121 33
43 214 1
44 460 7
44 19 -1
44 722 30
45 10 30
45 499 2
45 192 44
46 527 44
46 333 42
46 654 50
47 637 32
47 138 15
47 174 3
48 123 20
48 328 39
48 638 47
49 553 9
49 685 -6
49 182 25
50 598 -2
50 105 11
50 516 23
51 668 14
51 65 29
51 27 42
52 662 3
52 194 11
52 434 18
53 140 -1
53 215 17
53 443 46
54 270 40
54 666 9
54 328 -8
55 489 49
55 630 19
55 575 20
56 30 42
56 132 25
56 413 12
57 595 -4
57 102 10
57 140 7
58 715 38
58 499 24
58 210 5
59 523 30
59 531 16
59 217 29
60 703 43
60 656 17
60 302 7
61 257 17
61 422 15
61 625 -7
62 343 50
62 236 49
62 602 21
63 171 -5
63 138 2
63 414 11
64 47 3
64 133 33
64 15 12
65 550 38
65 80 18
65 229 -10
66 613 43
66 582 28
66 385 32
67 11 18
67 348 -6
67 451 23
68 279 45
68 604 -4
68 284 30
69 469 43
69 271 25
69 504 13
70 66 15
70 536 41
70 147 1
71 94 10
71 113 32
71 538 40
72 627 -4
72 415 2
72 620 29
73 91 26
73 317 35
73 70 36
74 474 0
74 282 30
74 602 41
75 37 -2
75 509 4
75 112 47
76 232 30
76 458 -3
76 346 19
77 95 45
77 561 47
77 700 32
78 2 29
78 498 -5
78 339 44
79 555 38
79 477 30
79 247 3
80 503 20
80 563 15
80 25 3
81 217 13
81 556 -1
81 651 4
82 451 10
82 292 -8
82 628 24
83 207 44
83 638 -4
83 437 19
84 150 37
84 345 17
84 414 -7
85 462 38
85 674 23
85 200 32
86 661 42
86 425 30
86 318 6
87 629 40
87 142 39
87 117 49
88 408 46
88 479 46
88 31 -1
89 382 -9
89 483 -5
89 629 -1
90 533 -4
90 661 28
90 619 -3
91 306 -9
91 73 -6
91 334 2
92 148 -1
92 255 32
92 252 -7
93 563 35
93 330 37
93 528 -3
94 697 30
94 549 22
94 681 10
95 686 1
95 159 49
95 262 8
96 232 -4
96 449 -10
96 379 27
97 397 42
97 490 33
97 399 5
98 547 12
98 393 33
98 87 -2
99 279 11
99 13 25
99 717 15
100 299 11
100 651 41
100 603 7
101 630 -10
101 64 40
101 151 43
102 631 7
102 214 34
102 8 46
103 521 29
103 572 -1
103 414 19
104 643 -10
104 403 48
104 720 8
105 571 12
105 313 18
105 358 35
106 592 35
106 368 24
106 661 44
107 485 -5
107 637 3
107 237 -10
108 544 0
108 338 28
108 399 22
109 708 48
109 561 39
109 693 18
110 287 9
110 496 48
110 589 -2
111 557 10
111 173 -7
111 507 13
112 200 16
112 325 40
112 668 -6
113 203 3
113 721 14
113 409 14
114 337 28
114 24 -5
114 156 34
115 289 38
115 223 -8
115 225 47
116 718 50
116 669 6
116 235 22
117 609 6
117 241 45
117 8 16
118 150 39
118 141 36
118 696 21
119 332 22
119 197 33
119 310 5
120 88 5
120 244 44
120 162 45
121 221 23
121 509 -3
121 269 24
122 126 9
122 165 40
122 86 8
123 316 8
123 662 10
123 54 38
124 615 4
124 45 28
124 696 42
125 207 2
125 41 39
125 470 39
126 586 34
126 125 46
126 4 -5
127 244 13
127 45 25
127 411 47
128 235 1
128 650 27
128 50 33
129 301 22
129 214 10
129 320 41
130 596 35
130 681 4
130 202 42
131 215 35
131 62 16
131 676 4
132 660 24
132 67 25
132 622 16
133 173 47
133 644 14
133 431 50
134 98 33
134 93 0
134 77 32
135 507 12
135 500 -9
135 120 -2
136 64 11
136 390 43
136 183 44
137 185 24
137 715 -2
137 648 -10
138 363 48
138 2 21
138 134 37
139 141 -1
139 587 25
139 261 40
140 587 36
140 495 24
140 548 8
141 404 21
141 703 6
141 499 20
142 489 -10
142 254 38
142 102 44
143 339 43
143 152 33
143 116 34
144 191 1
144 648 -4
144 559 3
145 82 -2
145 20 38
145 12 -3
146 108 16
146 104 16
146 175 7
147 287 46
147 334 14
147 15 -7
148 266 25
148 119 19
148 261 44
149 438 0
149 504 46
149 108 27
150 38 49
150 395 -4
150 710 12
151 377 26
151 174 -8
151 72 19
152 589 29
152 658 12
152 639 8
153 221 3
153 635 19
153 457 39
154 36 -10
154 655 16
154 611 18
155 467 26
155 299 43
155 681 32
156 342 49
156 251 8
156 553 42
157 219 0
157 8 10
157 405 11
158 361 8
158 414 41
158 539 -7
159 104 30
159 263 43
159 617 35
160 706 40
160 159 -7
160 312 26
161 452 18
161 518 44
161 116 13
162 417 39
162 37 32
162 389 42
163 137 17
163 181 28
163 578 -7
164 541 48
164 712 49
164 79 44
165 591 13
165 424 34
165 381 16
166 245 32
166 379 17
166 545 -10
167 314 -1
167 317 15
167 5 38
168 304 25
168 558 8
168 110 31
169 435 38
169 284 23
169 356 30
170 380 20
170 499 48
170 655 0
171 211 4
171 209 9
171 92 -4
172 627 35
172 560 42
172 412 2
173 145 9
173 249 5
173 582 6
174 678 49
174 611 -3
174 125 9
175 415 13
175 437 26
175 613 -9
176 399 23
176 524 -3
176 410 -9
177 696 27
177 310 32
177 244 -4
178 467 48
178 616 0
178 709 44
179 607 -6
179 664 31
179 661 20
180 635 -9
180 144 33
180 241 6
181 206 36
181 667 18
181 492 43
182 28 22
182 568 22
182 24 30
183 619 47
183 188 48
183 115 50
184 649 25
184 316 10
184 329 8
185 655 18
185 643 34
185 559 18
186 38 11
186 650 40
186 533 9
187 270 49
187 103 33
187 142 -5
188 542 2
188 515 -5
188 88 0
189 239 28
189 458 49
189 723 25
190 571 22
190 87 5
190 436 40
191 273 10
191 331 -1
191 588 49
192 491 10
192 515 40
192 615 25
193 291 41
193 143 -10
193 611 38
194 436 -8
194 594 6
194 719 17
195 482 14
195 409 14
195 599 11
196 276 33
196 693 35
196 31 -10
197 399 45
197 126 39
197 362 4
198 494 15
198 426 12
198 619 -7
199 578 21
199 31 28
199 619 37
200 312 30
200 524 33
200 195 13
201 59 16
201 569 21
201 487 38
202 501 43
202 310 10
202 625 43
203 421 5
203 586 38
203 414 50
204 338 18
204 460 18
204 564 36
205 376 16
205 125 -1
205 322 11
206 222 34
206 361 23
206 589 45
207 39 50
207 235 11
207 375 48
208 679 50
208 111 40
208 581 -4
209 286 -7
209 705 14
209 431 11
210 645 6
210 78 30
210 556 -3
211 122 28
211 235 19
211 309 27
212 577 -2
212 145 14
212 23 22
213 264 44
213 415 35
213 654 3
214 105 -2
214 382 14
214 381 26
215 296 19
215 168 26
215 366 3
216 187 16
216 416 20
216 203 41
217 550 27
217 677 48
217 494 31
218 406 -6
218 345 25
218 611 17
219 500 -6
219 486 1
219 95 31
220 455 3
220 58 9
220 284 -9
221 677 -1
221 659 17
221 178 -1
222 396 37
222 328 19
222 134 27
223 156 23
223 664 41
223 67 12
224 717 22
224 39 35
224 51 17
225 333 50
225 230 27
225 94 -1
226 62 46
226 164 42
226 467 -3
227 655 35
227 191 11
227 401 27
228 366 25
228 221 -10
228 634 -6
229 228 9
229 536 11
229 131 43
230 96 4
230 579 48
230 454 28
231 576 29
231 196 45
231 360 43
232 274 39
232 106 -6
232 501 34
233 520 37
233 468 34
233 622 18
234 125 22
234 239 6
234 159 1
235 158 -5
235 7 41
235 550 31
236 407 46
236 459 47
236 101 40
237 502 7
237 532 37
237 231 30
238 717 9
238 314 -9
238 694 37
239 174 48
239 575 19
239 366 27
240 464 33
240 7 24
240 628 7
241 82 38
241 49 14
241 627 14
242 564 -8
242 12 18
242 216 8
243 536 -9
243 389 37
243 679 38
244 600 23
244 115 10
244 172 38
245 414 12
245 171 38
245 217 36
246 298 9
246 287 44
246 463 50
247 592 -8
247 547 14
247 622 35
248 102 47
248 220 23
248 271 41
249 227 26
249 462 48
249 367 49
250 440 8
250 273 12
250 380 19
251 511 24
251 373 21
251 73 34
252 287 24
252 200 29
252 455 21
253 13 33
253 333 22
253 592 -3
254 508 12
254 216 11
254 130 36
255 482 10
255 81 31
255 376 8
256 20 16
256 46 5
256 224 5
257 610 22
257 424 5
257 19 17
258 616 14
258 527 32
258 111 -8
259 414 -4
259 437 20
259 192 -8
260 113 14
260 424 21
260 630 20
261 55 48
261 473 50
261 423 18
262 352 29
262 654 6
262 471 5
263 193 25
263 317 41
263 455 -5
264 522 -3
264 68 33
264 67 -2
265 186 45
265 88 14
265 150 50
266 615 -9
266 289 5
266 608 28
267 203 25
267 49 40
267 124 46
268 634 -4
268 381 43
268 79 -3
269 566 13
269 446 46
269 547 -9
270 366 34
270 267 20
270 469 21
271 435 40
271 686 23
271 223 31
272 120 13
272 508 1
272 102 30
273 94 6
273 639 26
273 441 29
274 309 32
274 529 -7
274 42 47
275 277 44
275 36 42
275 453 15
276 87 33
276 605 6
276 55 50
277 357 13
277 320 22
277 433 10
278 140 -10
278 448 -6
278 349 28
279 113 31
279 492 37
279 715 9
280 419 34
280 23 39
280 389 -4
281 585 35
281 525 10
281 493 36
282 78 30
282 528 45
282 336 34
283 729 27
283 356 33
283 327 -8
284 223 40
284 431 8
284 4 -9
285 315 10
285 348 7
285 458 31
286 460 9
286 170 2
286 479 31
287 658 33
287 545 47
287 233 27
288 395 47
288 101 -2
288 395 27
289 652 23
289 349 33
289 546 10
290 83 18
290 260 30
290 114 20
291 14 30
291 338 4
291 22 36
292 361 36
292 138 22
292 249 34
293 316 49
293 89 20
293 45 34
294 191 36
294 567 -4
294 271 19
295 380 42
295 345 43
295 467 33
296 334 12
296 607 46
296 432 -5
297 543 27
297 215 -4
297 231 39
298 515 22
298 139 37
298 341 -4
299 144 12
299 580 8
299 26 -6
300 383 8
300 244 1
300 58 31
301 409 29
301 8 18
301 445 41
302 584 17
302 413 2
302 571 28
303 718 0
303 567 12
303 453 5
304 409 47
304 509 15
304 421 50
305 121 23
305 246 37
305 285 9
306 151 23
306 562 13
306 169 2
307 466 30
307 186 39
307 388 7
308 205 20
308 653 -7
308 28 1
309 39 13
309 670 31
309 485 8
310 591 -10
310 631 25
310 126 19
311 578 6
311 607 24
311 212 29
312 444 45
312 90 -9
312 419 21
313 630 46
313 83 -2
313 502 42
314 158 27
314 169 25
314 394 24
315 555 30
315 666 -8
315 453 18
316 16 22
316 576 32
316 416 20
317 691 34
317 597 15
317 487 43
318 597 30
318 700 36
318 91 41
319 119 27
319 562 -5
319 126 41
320 91 2
320 707 15
320 240 50
321 344 12
321 58 -10
321 441 27
322 144 -2
322 526 -9
322 194 28
323 233 30
323 249 23
323 181 24
324 703 34
324 534 -4
324 601 8
325 504 43
325 114 17
325 447 43
326 377 1
326 21 2
326 43 20
327 499 34
327 540 19
327 472 -7
328 531 5
328 582 18
328 436 42
329 545 3
329 15 4
329 409 40
330 528 14
330 543 10
330 355 30
331 281 -2
331 283 34
331 253 31
332 469 42
332 626 19
332 324 31
333 16 -8
333 304 11
333 570 29
334 13 -8
334 454 6
334 90 46
335 202 49
335 406 35
335 35 -7
336 190 17
336 453 17
336 492 6
337 196 39
337 645 17
337 174 -9
338 53 35
338 439 39
338 285 1
339 35 4
339 21 27
339 325 -2
340 533 38
340 269 30
340 529 -1
341 2 8
341 42 7
341 684 27
342 30 8
342 387 12
342 75 26
343 575 28
343 31 -4
343 96 9
344 530 28
344 203 46
344 320 43
345 436 34
345 371 44
345 366 19
346 282 38
346 500 7
346 712 3
347 411 7
347 443 2
347 485 29
348 252 9
348 25 38
348 657 30
349 695 -9
349 244 24
349 55 45
350 411 7
350 45 1
350 380 22
351 334 19
351 15 44
351 581 41
352 605 12
352 703 23
352 343 37
353 279 10
353 33 40
353 386 9
354 25 43
354 719 20
354 264 19
355 273 33
355 514 15
355 114 23
356 242 37
356 262 15
356 640 49
357 4 1
357 79 21
357 677 36
358 398 23
358 483 8
358 177 -2
359 462 -10
359 718 -7
359 530 1
360 294 36
360 402 45
360 284 44
361 9 45
361 531 1
361 414 31
362 49 23
362 39 -2
362 108 17
363 391 48
363 537 36
363 7 4
364 571 50
364 267 46
364 63 48
365 658 33
365 244 -4
365 557 19
366 243 28
366 616 8
366 205 45
367 10 47
367 90 39
367 395 5
368 558 -1
368 45 -2
368 456 38
369 600 30
369 517 22
369 158 34
370 140 22
370 171 37
370 419 29
371 178 12
371 63 1
371 32 39
372 230 0
372 213 4
372 517 38
373 369 19
373 350 38
373 520 49
374 725 40
374 213 2
374 472 37
375 52 -1
375 663 7
375 128 4
376 243 31
376 31 40
376 108 9
377 576 11
377 15 18
377 729 20
378 139 46
378 93 -9
378 352 6
379 264 5
379 256 0
379 619 1
380 526 -1
380 264 0
380 588 13
381 533 49
381 135 17
381 52 24
382 341 7
382 491 22
382 573 10
383 536 5
383 238 40
383 673 5
384 43 50
384 508 14
384 704 46
385 719 35
385 410 0
385 679 50
386 577 2
386 283 7
386 290 49
387 270 19
387 72 16
387 595 39
388 141 50
388 328 15
388 158 46
389 95 -10
389 268 10
389 702 37
390 389 6
390 402 -8
390 657 -9
391 399 8
391 292 -2
391 679 5
392 446 10
392 353 20
392 700 10
393 257 -7
393 415 19
393 13 38
394 493 13
394 318 35
394 290 26
395 104 7
395 653 21
395 537 -6
396 38 21
396 419 7
396 357 -10
397 530 43
397 126 4
397 484 26
398 215 11
398 118 -10
398 687 -1
399 230 -7
399 465 -2
399 204 36
400 454 44
400 531 44
400 409 20
401 181 27
401 152 11
401 296 35
402 223 -7
402 346 7
402 259 41
403 658 18
403 395 33
403 43 16
404 111 6
404 713 36
404 475 8
405 34 30
405 582 41
405 42 -7
406 602 29
406 131 38
406 349 20
407 520 14
407 178 21
407 406 2
408 232 6
408 328 46
408 646 33
409 723 41
409 326 28
409 249 -5
410 434 -3
410 381 35
410 228 28
411 562 2
411 39 35
411 707 25
412 182 36
412 448 -8
412 537 -2
413 360 30
413 494 -9
413 350 37
414 58 44
414 283 45
414 637 2
415 179 25
415 228 27
415 710 49
416 408 45
416 93 48
416 420 45
417 286 32
417 619 40
417 148 41
418 119 48
418 450 12
418 581 36
419 571 48
419 12 43
419 251 23
420 146 -4
420 152 18
420 16 4
421 273 20
421 607 2
421 350 10
422 386 42
422 208 -7
422 230 -9
423 404 35
423 73 15
423 525 14
424 149 40
424 34 -2
424 665 36
425 196 12
425 471 32
425 724 31
426 188 -10
426 306 26
426 70 5
427 454 4
427 358 2
427 503 32
428 232 46
428 194 18
428 168 12
429 240 33
429 82 14
429 670 37
430 212 26
430 366 -8
430 378 13
431 452 28
431 34 36
431 76 -1
432 311 3
432 676 -8
432 13 11
433 204 4
433 295 -3
433 588 10
434 312 32
434 451 7
434 180 39
435 458 28
435 482 -5
435 405 17
436 247 -9
436 40 29
436 454 33
437 634 16
437 375 28
437 497 -5
438 719 -6
438 263 21
438 352 -3
439 310 39
439 170 38
439 586 33
440 326 50
440 129 21
440 358 28
441 354 17
441 204 6
441 503 12
442 606 40
442 251 17
442 257 33
443 49 19
443 653 25
443 477 28
444 358 28
444 333 15
444 607 47
445 547 43
445 162 46
445 406 34
446 355 32
446 36 21
446 404 11
447 346 30
447 671 21
447 364 18
448 91 23
448 151 5
448 52 0
449 572 -4
449 187 1
449 361 42
450 649 43
450 508 21
450 355 34
451 537 5
451 146 34
451 532 14
452 485 15
452 379 23
452 50 39
453 193 0
453 671 45
453 677 2
454 406 35
454 4 -9
454 212 -6
455 423 -8
455 22 30
455 392 3
456 107 27
456 408 -2
456 569 11
457 22 4
457 153 8
457 278 -2
458 62 14
458 602 28
458 488 8
459 355 -2
459 46 17
459 357 47
460 466 13
460 597 -7
460 31 38
461 476 28
461 472 10
461 439 10
462 400 24
462 228 12
462 230 11
463 604 31
463 480 9
463 295 -10
464 728 2
464 21 26
464 329 2
465 359 19
465 679 21
465 37 2
466 586 39
466 645 27
466 37 38
467 5 -9
467 125 22
467 246 14
468 489 28
468 584 42
468 123 15
469 537 0
469 585 31
469 74 39
470 573 40
470 184 4
470 307 9
471 625 37
471 385 2
471 113 9
472 569 42
472 492 21
472 422 4
473 241 23
473 234 -3
473 505 35
474 321 17
474 34 7
474 639 -3
475 254 14
475 458 37
475 188 20
476 271 0
476 578 21
476 83 14
477 211 41
477 431 39
477 418 27
478 401 37
478 562 -1
478 218 22
479 502 -6
479 54 -9
479 61 19
480 27 15
480 247 7
480 220 20
481 47 30
481 92 10
481 108 29
482 6 7
482 309 12
482 175 -2
483 147 25
483 314 -6
483 198 0
484 225 20
484 569 26
484 414 42
485 253 -8
485 569 8
485 270 38
486 193 18
486 253 35
486 145 18
487 547 8
487 555 28
487 103 -5
488 222 31
488 517 -5
488 720 26
489 398 33
489 185 44
489 327 -6
490 538 -10
490 452 10
490 502 5
491 627 21
491 105 13
491 641 46
492 587 50
492 187 -3
492 61 8
493 103 45
493 671 44
493 320 21
494 31 39
494 150 7
494 51 -9
495 570 15
495 278 -4
495 24 25
496 375 -5
496 9 32
496 331 42
497 193 49
497 606 18
497 40 34
498 211 40
498 245 40
498 225 27
499 376 -6
499 132 0
499 342 26
500 624 39
500 409 26
500 545 8
501 629 45
501 620 28
501 639 11
502 87 50
502 639 46
502 700 47
503 327 11
503 20 47
503 36 4
504 451 23
504 586 30
504 611 43
505 32 -6
505 37 16
505 333 23
506 43 32
506 603 50
506 414 7
507 566 37
507 82 23
507 591 22
508 650 47
508 158 8
508 676 20
509 149 31
509 158 17
509 225 19
510 446 0
510 697 6
510 100 42
511 607 44
511 598 29
511 332 -10
512 643 7
512 266 27
512 165 7
513 314 -3
513 73 30
513 608 19
514 681 28
514 666 35
514 550 -7
515 334 2
515 168 13
515 151 7
516 74 22
516 237 45
516 531 38
517 297 25
517 318 -1
517 515 5
518 133 21
518 285 15
518 50 -8
519 559 8
519 644 -5
519 605 14
520 341 9
520 110 13
520 433 8
521 693 5
521 506 29
521 150 12
522 157 43
522 378 0
522 194 -1
523 416 9
523 429 5
523 7 -4
524 534 3
524 481 43
524 148 34
525 659 6
525 689 -8
525 411 50
526 528 9
526 260 28
526 676 29
527 328 36
527 213 10
527 84 -2
528 350 30
528 457 49
528 550 -5
529 32 -3
529 603 28
529 139 26
530 202 13
530 372 2
530 721 6
531 446 26
531 212 9
531 289 0
532 224 9
532 459 50
532 596 10
533 549 4
533 170 4
533 306 6
534 217 13
534 329 20
534 209 5
535 285 2
535 306 12
535 60 0
536 482 24
536 496 43
536 194 5
537 344 22
537 172 35
537 629 -8
538 274 -9
538 154 32
538 551 42
539 274 21
539 564 17
539 389 -9
540 320 10
540 589 39
540 286 25
541 44 -4
541 457 50
541 25 40
542 138 -9
542 627 9
542 108 28
543 411 -3
543 404 6
543 710 7
544 594 42
544 419 -9
544 73 14
545 601 40
545 241 6
545 601 48
546 471 4
546 70 48
546 1 -4
547 141 -6
547 98 15
547 344 2
548 473 16
548 515 44
548 223 23
549 514 13
549 2 44
549 384 1
550 579 24
550 141 8
550 401 31
551 37 12
551 671 27
551 612 35
552 183 10
552 496 5
552 458 7
553 722 36
553 266 36
553 209 45
554 442 18
554 188 14
554 268 -5
555 285 38
555 7 27
555 714 39
556 75 36
556 416 11
556 487 19
557 589 17
557 392 10
557 30 35
558 233 36
558 169 34
558 331 -1
559 363 8
559 424 37
559 16 15
560 194 -4
560 93 30
560 170 10
561 183 -1
561 82 42
561 482 50
562 8 44
562 265 -4
562 538 39
563 290 -6
563 168 -7
563 334 10
564 310 21
564 323 -6
564 622 -10
565 519 32
565 659 8
565 300 12
566 46 27
566 119 33
566 413 -3
567 214 10
567 24 41
567 691 15
568 30 28
568 183 -5
568 648 7
569 229 43
569 559 10
569 729 16
570 574 40
570 471 9
570 71 21
571 278 11
571 111 0
571 550 17
572 112 10
572 172 11
572 365 48
573 36 49
573 12 5
573 379 15
574 638 26
574 445 12
574 240 35
575 390 -1
575 332 40
575 662 50
576 132 29
576 617 21
576 211 5
577 31 13
577 243 36
577 368 38
578 557 24
578 201 40
578 292 4
579 535 28
579 355 50
579 94 -3
580 710 37
580 138 10
580 200 36
581 571 -2
581 79 19
581 658 6
582 464 27
582 4 14
582 348 -3
583 15 18
583 56 -6
583 469 48
584 371 27
584 613 24
584 286 12
585 240 24
585 423 18
585 265 41
586 250 30
586 296 23
586 352 13
587 526 -4
587 437 -6
587 8 -6
588 572 50
588 354 4
588 206 23
589 664 -4
589 670 39
589 238 40
590 596 39
590 279 2
590 58 49
591 224 17
591 525 31
591 446 48
592 390 24
592 447 20
592 91 24
593 610 21
593 320 42
593 646 48
594 259 46
594 667 35
594 151 45
595 382 49
595 509 24
595 623 44
596 63 49
596 330 -6
596 659 8
597 426 -7
597 164 -3
597 162 26
598 178 36
598 701 5
598 280 17
599 313 22
599 681 30
599 349 23
600 52 10
600 132 21
600 174 22
601 692 0
601 445 6
601 648 15
602 367 1
602 100 35
602 326 24
603 286 11
603 198 43
603 194 14
604 447 -5
604 581 30
604 225 49
605 606 48
605 618 8
605 675 -7
606 546 15
606 627 44
606 74 9
607 513 -5
607 310 18
607 565 22
608 210 33
608 73 11
608 597 43
609 179 11
609 460 13
609 448 35
610 104 -8
610 511 20
610 566 13
611 360 22
611 241 -9
611 208 4
612 433 32
612 660 42
612 558 28
613 222 24
613 46 -5
613 79 41
614 201 7
614 45 19
614 93 6
615 126 38
615 407 -9
615 205 31
616 215 20
616 673 22
616 283 9
617 347 11
617 59 46
617 422 35
618 15 29
618 48 20
618 110 46
619 203 19
619 98 17
619 112 -10
620 273 0
620 446 -5
620 235 19
621 434 22
621 177 44
621 684 28
622 330 15
622 607 -7
622 238 28
623 340 24
623 383 11
623 681 19
624 138 4
624 157 42
624 207 48
625 348 24
625 67 26
625 276 44
626 280 39
626 266 33
626 650 37
627 685 20
627 182 26
627 201 12
628 161 49
628 418 45
628 394 17
629 319 38
629 275 42
629 133 15
630 567 40
630 582 -7
630 17 31
631 524 47
631 248 41
631 539 14
632 537 42
632 364 26
632 516 13
633 13 18
633 289 -7
633 612 28
634 351 37
634 109 34
634 504 32
635 338 44
635 574 0
635 214 47
636 561 43
636 263 47
636 711 23
637 501 -2
637 21 33
637 88 41
638 212 -7
638 30 40
638 15 21
639 608 16
639 238 49
639 321 25
640 159 31
640 261 4
640 686 26
641 24 17
641 141 21
641 324 9
642 91 13
642 92 -5
642 125 33
643 380 -3
643 53 22
643 43 20
644 348 -3
644 466 -1
644 463 40
645 560 11
645 67 4
645 364 -2
646 412 9
646 45 -3
646 717 2
647 605 8
647 103 46
647 691 6
648 235 14
648 705 33
648 486 14
649 255 49
649 303 -7
649 590 17
650 307 27
650 295 -7
650 135 33
651 615 -6
651 164 -9
651 119 -3
652 45 -3
652 428 34
652 127 14
653 228 7
653 20 20
653 74 -6
654 317 30
654 601 17
654 74 17
655 328 30
655 356 -1
655 639 -3
656 622 7
656 240 4
656 339 50
657 574 23
657 660 5
657 571 30
658 180 -1
658 2 18
658 647 37
659 2 -6
659 368 2
659 631 2
660 116 -3
660 421 10
660 435 3
661 320 24
661 174 40
661 724 0
662 335 -5
662 629 26
662 258 26
663 722 -4
663 568 13
663 246 6
664 80 24
664 701 27
664 516 49
665 641 42
665 315 25
665 384 40
666 311 11
666 662 10
666 188 5
667 244 -4
667 602 11
667 111 9
668 386 48
668 321 17
668 98 4
669 281 16
669 445 33
669 196 -1
670 344 6
670 528 -9
670 390 8
671 429 21
671 317 19
671 420 -2
672 682 26
672 509 0
672 273 23
673 28 43
673 135 26
673 655 11
674 246 42
674 467 -9
674 151 35
675 544 44
675 477 23
675 265 -10
676 360 -10
676 19 19
676 441 41
677 669 28
677 721 38
677 171 5
678 2 -6
678 574 24
678 517 36
679 349 7
679 645 34
679 649 39
680 122 45
680 175 4
680 60 -1
681 325 34
681 434 20
681 654 2
682 293 9
682 289 4
682 229 35
683 519 23
683 656 38
683 224 14
684 9 35
684 476 16
684 457 47
685 489 13
685 561 49
685 648 40
686 453 40
686 602 21
686 527 -6
687 246 8
687 238 6
687 378 19
688 674 17
688 365 29
688 419 9
689 88 2
689 616 30
689 516 47
690 416 26
690 222 30
690 283 44
691 105 32
691 79 50
691 121 46
692 362 49
692 507 47
692 484 16
693 88 -5
693 178 50
693 262 43
694 477 13
694 132 -4
694 354 29
695 455 -5
695 525 7
695 133 28
696 654 45
696 92 8
696 629 37
697 208 9
697 382 48
697 226 49
698 697 1
698 643 35
698 607 38
699 333 36
699 336 29
699 365 2
700 544 18
700 245 42
700 130 -5
701 400 45
701 246 -3
701 641 12
702 32 42
702 432 -10
702 339 23
703 406 20
703 653 49
703 722 18
704 342 3
704 664 -6
704 254 46
705 354 10
705 636 -9
705 258 0
706 442 2
706 215 -7
706 570 47
707 333 -2
707 261 10
707 184 44
708 62 49
708 490 44
708 185 6
709 501 10
709 531 7
709 109 46
710 54 4
710 460 0
710 464 45
711 262 32
711 435 21
711 712 3
712 526 49
712 381 37
712 142 36
713 65 5
713 47 35
713 382 -5
714 623 30
714 400 39
714 456 27
715 251 22
715 581 23
715 470 26
716 252 50
716 613 43
716 79 7
717 350 44
717 504 30
717 222 -9
718 554 15
718 264 -1
718 224 49
719 504 3
719 361 21
719 528 14
720 35 25
720 296 -5
720 539 49
721 123 23
721 414 36
721 607 34
722 555 -5
722 678 48
722 493 1
723 612 13
723 98 -9
723 161 20
724 302 46
724 213 -2
724 186 -10
725 505 48
725 687 45
725 367 3
726 531 4
726 541 27
726 607 50
727 298 49
727 513 23
727 654 50
728 338 -3
728 22 50
728 628 14
729 692 25
729 523 31
729 433 42
