1 33 45
1 47 1
2 74 39
2 19 6
3 31 -6
3 12 -3
4 54 41
4 38 -1
5 49 7
5 26 23
6 20 35
6 29 -9
7 11 1
7 69 17
8 39 3
8 52 19
9 71 -8
9 39 34
10 80 0
10 11 6
11 63 6
11 61 12
12 49 5
12 39 41
13 63 7
13 48 47
14 37 -4
14 2 -8
15 79 21
15 32 24
16 76 4
16 47 41
17 20 -1
17 66 -3
18 56 13
18 64 35
19 48 38
19 38 30
20 50 1
20 68 28
21 1 9
21 30 20
22 72 29
22 21 47
23 60 43
23 9 44
24 64 30
24 26 -1
25 66 -8
25 50 -3
26 10 0
26 7 42
27 11 -6
27 62 8
28 71 35
28 22 40
29 10 11
29 69 -2
30 2 -8
30 75 0
31 48 21
31 6 10
32 27 45
32 71 13
33 19 14
33 56 33
34 41 -9
34 38 44
35 75 -10
35 45 7
36 21 38
36 79 9
37 32 31
37 48 50
38 36 35
38 39 31
39 42 34
39 81 45
40 67 32
40 66 8
41 76 30
41 38 42
42 3 43
42 5 27
43 26 39
43 64 21
44 12 5
44 26 31
45 54 13
45 64 -3
46 3 33
46 2 -3
47 53 43
47 51 7
48 9 37
48 78 36
49 64 -6
49 11 41
50 25 13
50 5 46
51 65 38
51 13 -9
52 68 46
52 81 45
53 38 20
53 49 16
54 12 25
54 1 2
55 34 24
55 64 45
56 41 -9
56 52 28
57 15 -1
57 48 30
58 37 30
58 67 49
59 23 23
59 43 -4
60 17 25
60 16 45
61 7 30
61 33 45
62 24 10
62 27 20
63 57 -5
63 5 31
64 45 -9
64 53 4
65 4 50
65 5 11
66 67 -6
66 51 27
67 6 28
67 72 50
68 38 27
68 58 -2
69 68 44
69 72 -4
70 23 24
70 77 6
71 31 -7
71 41 -2
72 1 12
72 18 22
73 67 35
73 3 35
74 65 -6
74 21 -9
75 57 10
75 21 46
76 61 28
76 20 3
77 51 45
77 75 29
78 52 44
78 69 -6
79 36 16
79 31 37
80 55 0
80 19 19
81 55 33
81 27 -7
